Pareto Count: 8
Solution 1:
    Served: 41
    Makespan: 14706.480124862523
    Truck 1: 
        [0, 12, 100, 0]
        [0, 41, 93, 0]
        [0, 52, 76, 0]
    Truck 2: 
        [0, 32, 69, 0]
        [0, 70, 60, 0]
        [0, 66, 50, 0]
        [0, 61, 51, 0]
    Truck 3: 
        [0, 42, 46, 0]
        [0, 82, 1, 68, 45, 63, 0]
        [0, 88, 62, 64, 85, 57, 4, 84, 27, 0]
    Truck 4: 
        [0, 77, 0]
        [0, 11, 55, 0]
        [0, 8, 31, 0]
    Drone 1: 
        [0, 78, 0]
        [0, 10, 0]
        [0, 29, 0]
        [0, 98, 0]
        [0, 3, 0]
        [0, 72, 0]
        [0, 43, 0]
Solution 2:
    Served: 41
    Makespan: 14706.480124862523
    Truck 1: 
        [0, 12, 100, 0]
        [0, 41, 93, 0]
        [0, 66, 50, 0]
        [0, 61, 51, 0]
    Truck 2: 
        [0, 32, 69, 0]
        [0, 70, 60, 0]
        [0, 8, 31, 0]
    Truck 3: 
        [0, 42, 46, 0]
        [0, 82, 1, 68, 45, 63, 0]
        [0, 88, 62, 64, 85, 57, 4, 84, 27, 0]
    Truck 4: 
        [0, 77, 0]
        [0, 11, 55, 0]
        [0, 52, 76, 0]
    Drone 1: 
        [0, 78, 0]
        [0, 10, 0]
        [0, 29, 0]
        [0, 98, 0]
        [0, 3, 0]
        [0, 72, 0]
        [0, 43, 0]
Solution 3:
    Served: 41
    Makespan: 14706.480124862523
    Truck 1: 
        [0, 12, 2, 0]
        [0, 41, 93, 0]
        [0, 66, 50, 0]
        [0, 61, 51, 0]
    Truck 2: 
        [0, 32, 69, 0]
        [0, 70, 60, 0]
        [0, 8, 31, 0]
    Truck 3: 
        [0, 42, 46, 0]
        [0, 82, 1, 68, 45, 63, 0]
        [0, 88, 62, 64, 85, 57, 4, 84, 27, 0]
    Truck 4: 
        [0, 77, 0]
        [0, 11, 55, 0]
        [0, 52, 76, 0]
    Drone 1: 
        [0, 78, 0]
        [0, 10, 0]
        [0, 29, 0]
        [0, 98, 0]
        [0, 3, 0]
        [0, 72, 0]
        [0, 43, 0]
Solution 4:
    Served: 39
    Makespan: 14662.432860251167
    Truck 1: 
        [0, 12, 2, 0]
        [0, 63, 0]
        [0, 66, 50, 0]
        [0, 61, 51, 0]
    Truck 2: 
        [0, 32, 69, 0]
        [0, 70, 60, 0]
        [0, 8, 31, 0]
    Truck 3: 
        [0, 42, 46, 0]
        [0, 82, 1, 68, 45, 0]
        [0, 88, 62, 64, 85, 57, 4, 84, 27, 0]
    Truck 4: 
        [0, 77, 0]
        [0, 11, 55, 0]
        [0, 52, 76, 0]
    Drone 1: 
        [0, 78, 0]
        [0, 10, 0]
        [0, 29, 0]
        [0, 98, 0]
        [0, 3, 0]
        [0, 72, 0]
        [0, 43, 0]
Solution 5:
    Served: 39
    Makespan: 14662.432860251167
    Truck 1: 
        [0, 12, 100, 0]
        [0, 63, 0]
        [0, 66, 50, 0]
        [0, 61, 51, 0]
    Truck 2: 
        [0, 32, 69, 0]
        [0, 70, 60, 0]
        [0, 8, 31, 0]
    Truck 3: 
        [0, 42, 46, 0]
        [0, 82, 1, 68, 45, 0]
        [0, 88, 62, 64, 85, 57, 4, 84, 27, 0]
    Truck 4: 
        [0, 77, 0]
        [0, 11, 55, 0]
        [0, 52, 76, 0]
    Drone 1: 
        [0, 78, 0]
        [0, 10, 0]
        [0, 29, 0]
        [0, 98, 0]
        [0, 3, 0]
        [0, 72, 0]
        [0, 43, 0]
Solution 6:
    Served: 36
    Makespan: 14617.200474449128
    Truck 1: 
        [0, 12, 100, 0]
        [0, 41, 93, 0]
        [0, 52, 76, 0]
    Truck 2: 
        [0, 32, 69, 0]
        [0, 70, 60, 0]
        [0, 66, 50, 0]
        [0, 61, 51, 0]
    Truck 3: 
        [0, 42, 46, 0]
        [0, 82, 1, 68, 17, 45, 63, 0]
        [0, 8, 31, 0]
    Truck 4: 
        [0, 77, 0]
        [0, 11, 55, 0]
        [0, 88, 62, 0]
    Drone 1: 
        [0, 78, 0]
        [0, 10, 0]
        [0, 29, 0]
        [0, 98, 0]
        [0, 3, 0]
        [0, 72, 0]
        [0, 43, 0]
Solution 7:
    Served: 36
    Makespan: 14617.200474449128
    Truck 1: 
        [0, 12, 100, 0]
        [0, 41, 93, 0]
        [0, 66, 50, 0]
        [0, 61, 51, 0]
    Truck 2: 
        [0, 32, 69, 0]
        [0, 70, 60, 0]
        [0, 8, 31, 0]
    Truck 3: 
        [0, 42, 46, 0]
        [0, 82, 1, 68, 17, 45, 63, 0]
        [0, 52, 76, 0]
    Truck 4: 
        [0, 77, 0]
        [0, 11, 55, 0]
        [0, 88, 62, 0]
    Drone 1: 
        [0, 78, 0]
        [0, 10, 0]
        [0, 29, 0]
        [0, 98, 0]
        [0, 3, 0]
        [0, 72, 0]
        [0, 43, 0]
Solution 8:
    Served: 36
    Makespan: 14617.200474449128
    Truck 1: 
        [0, 12, 2, 0]
        [0, 41, 93, 0]
        [0, 52, 76, 0]
    Truck 2: 
        [0, 32, 69, 0]
        [0, 70, 60, 0]
        [0, 66, 50, 0]
        [0, 61, 51, 0]
    Truck 3: 
        [0, 42, 46, 0]
        [0, 82, 1, 68, 17, 45, 63, 0]
        [0, 8, 31, 0]
    Truck 4: 
        [0, 77, 0]
        [0, 11, 55, 0]
        [0, 88, 62, 0]
    Drone 1: 
        [0, 78, 0]
        [0, 10, 0]
        [0, 29, 0]
        [0, 98, 0]
        [0, 3, 0]
        [0, 72, 0]
        [0, 43, 0]
