Pareto Count: 12
Solution 1:
    Served: 90
    Makespan: 1847.6549671750372
    Truck 1: 
        [0, 36, 98, 38, 82, 44, 41, 58, 26, 93, 0]
    Truck 2: 
        [0, 64, 39, 1, 71, 97, 99, 12, 55, 15, 0]
        [0, 32, 0]
    Truck 3: 
        [0, 22, 86, 4, 47, 35, 77, 40, 69, 74, 52, 34, 72, 45, 18, 0]
    Truck 4: 
        [0, 60, 42, 16, 61, 54, 89, 66, 33, 37, 57, 53, 80, 30, 68, 0]
    Drone 1: 
        [0, 79, 0]
        [0, 29, 9, 0]
        [0, 27, 3, 91, 70, 43, 0]
        [0, 76, 96, 0]
    Drone 2: 
        [0, 10, 0]
        [0, 56, 87, 0]
        [0, 20, 49, 75, 6, 0]
        [0, 81, 19, 51, 83, 88, 0]
    Drone 3: 
        [0, 50, 84, 14, 95, 0]
        [0, 94, 48, 21, 0]
        [0, 62, 13, 0]
    Drone 4: 
        [0, 8, 65, 5, 24, 0]
        [0, 23, 90, 92, 0]
        [0, 7, 25, 63, 28, 0]
        [0, 2, 0]
Solution 2:
    Served: 90
    Makespan: 1847.6549671750372
    Truck 1: 
        [0, 36, 98, 38, 82, 44, 41, 58, 26, 93, 0]
    Truck 2: 
        [0, 64, 39, 1, 71, 97, 99, 12, 55, 15, 0]
        [0, 32, 0]
    Truck 3: 
        [0, 22, 86, 4, 47, 35, 77, 40, 69, 74, 52, 34, 72, 45, 18, 0]
    Truck 4: 
        [0, 60, 42, 16, 61, 54, 89, 66, 33, 37, 57, 53, 80, 30, 68, 0]
    Drone 1: 
        [0, 79, 0]
        [0, 29, 9, 0]
        [0, 27, 3, 91, 70, 43, 0]
        [0, 76, 96, 0]
    Drone 2: 
        [0, 10, 0]
        [0, 56, 87, 0]
        [0, 20, 49, 75, 6, 0]
        [0, 81, 19, 51, 83, 0]
    Drone 3: 
        [0, 50, 84, 14, 95, 0]
        [0, 94, 48, 21, 0]
        [0, 62, 13, 0]
    Drone 4: 
        [0, 8, 65, 5, 24, 0]
        [0, 23, 90, 92, 0]
        [0, 7, 25, 63, 28, 0]
        [0, 2, 88, 0]
Solution 3:
    Served: 88
    Makespan: 1809.2433148334007
    Truck 1: 
        [0, 36, 98, 38, 82, 44, 41, 58, 26, 93, 0]
    Truck 2: 
        [0, 64, 39, 1, 71, 97, 12, 55, 15, 0]
        [0, 32, 0]
    Truck 3: 
        [0, 22, 86, 4, 47, 35, 77, 40, 69, 74, 52, 34, 72, 45, 18, 0]
    Truck 4: 
        [0, 60, 42, 16, 61, 54, 89, 66, 33, 37, 57, 53, 30, 68, 0]
    Drone 1: 
        [0, 79, 0]
        [0, 29, 9, 0]
        [0, 27, 3, 91, 70, 43, 0]
        [0, 76, 96, 0]
    Drone 2: 
        [0, 10, 0]
        [0, 56, 87, 0]
        [0, 20, 49, 75, 6, 0]
        [0, 81, 19, 51, 83, 0]
    Drone 3: 
        [0, 50, 84, 14, 95, 0]
        [0, 94, 48, 21, 0]
        [0, 62, 13, 0]
    Drone 4: 
        [0, 8, 65, 5, 24, 0]
        [0, 23, 90, 92, 0]
        [0, 7, 25, 63, 28, 0]
        [0, 2, 88, 0]
Solution 4:
    Served: 87
    Makespan: 1799.1542278513853
    Truck 1: 
        [0, 79, 39, 1, 71, 97, 12, 55, 15, 73, 100, 62, 0]
    Truck 2: 
        [0, 64, 10, 38, 82, 44, 41, 58, 26, 93, 0]
    Truck 3: 
        [0, 22, 86, 87, 4, 47, 35, 77, 40, 69, 74, 52, 34, 72, 45, 18, 13, 32, 0]
    Truck 4: 
        [0, 60, 42, 16, 54, 89, 66, 33, 37, 57, 53, 80, 30, 68, 0]
    Drone 1: 
        [0, 36, 0]
        [0, 29, 9, 0]
        [0, 27, 3, 91, 70, 43, 0]
        [0, 81, 85, 78, 0]
    Drone 2: 
        [0, 98, 0]
        [0, 56, 95, 0]
        [0, 99, 49, 75, 6, 0]
        [0, 76, 96, 0]
    Drone 3: 
        [0, 50, 84, 14, 0]
        [0, 94, 21, 48, 0]
        [0, 19, 0]
        [0, 83, 0]
    Drone 4: 
        [0, 8, 65, 5, 0]
        [0, 90, 92, 0]
        [0, 25, 63, 28, 0]
        [0, 88, 0]
Solution 5:
    Served: 86
    Makespan: 1796.6112224343885
    Truck 1: 
        [0, 36, 98, 38, 44, 41, 58, 26, 91, 43, 81, 0]
    Truck 2: 
        [0, 64, 39, 1, 71, 97, 12, 55, 15, 0]
        [0, 32, 0]
    Truck 3: 
        [0, 22, 86, 4, 47, 35, 77, 40, 69, 74, 52, 34, 72, 45, 18, 0]
    Truck 4: 
        [0, 60, 42, 16, 61, 54, 89, 66, 33, 37, 57, 53, 31, 68, 0]
    Drone 1: 
        [0, 79, 0]
        [0, 29, 9, 0]
        [0, 27, 3, 0]
        [0, 63, 28, 76, 17, 0]
    Drone 2: 
        [0, 10, 0]
        [0, 56, 87, 0]
        [0, 20, 49, 75, 6, 0]
        [0, 85, 78, 0]
    Drone 3: 
        [0, 50, 84, 14, 95, 0]
        [0, 94, 48, 21, 0]
        [0, 19, 51, 13, 0]
    Drone 4: 
        [0, 8, 65, 5, 24, 0]
        [0, 23, 92, 90, 0]
        [0, 73, 100, 62, 0]
        [0, 2, 88, 0]
Solution 6:
    Served: 84
    Makespan: 1793.1863578570128
    Truck 1: 
        [0, 64, 39, 1, 71, 97, 99, 12, 55, 15, 73, 100, 62, 0]
    Truck 2: 
        [0, 10, 59, 41, 58, 27, 26, 3, 91, 43, 81, 51, 30, 68, 0]
    Truck 3: 
        [0, 22, 86, 87, 4, 95, 47, 77, 40, 69, 74, 52, 34, 72, 45, 18, 13, 32, 0]
    Truck 4: 
        [0, 60, 42, 16, 61, 54, 89, 66, 33, 37, 57, 53, 67, 31, 2, 88, 0]
    Drone 1: 
        [0, 36, 0]
        [0, 29, 9, 0]
        [0, 94, 48, 0]
        [0, 19, 0]
        [0, 83, 0]
    Drone 2: 
        [0, 79, 0]
        [0, 98, 0]
        [0, 82, 0]
        [0, 90, 92, 0]
        [0, 63, 28, 76, 96, 0]
    Drone 3: 
        [0, 50, 84, 14, 0]
        [0, 6, 0]
        [0, 85, 78, 0]
    Drone 4: 
        [0, 8, 65, 5, 0]
        [0, 7, 25, 0]
Solution 7:
    Served: 84
    Makespan: 1793.1863578570128
    Truck 1: 
        [0, 64, 39, 1, 71, 97, 99, 12, 55, 15, 73, 100, 62, 0]
    Truck 2: 
        [0, 10, 59, 41, 58, 27, 26, 3, 91, 43, 81, 51, 30, 68, 0]
    Truck 3: 
        [0, 22, 86, 87, 4, 95, 47, 77, 40, 69, 74, 52, 34, 72, 45, 18, 13, 32, 0]
    Truck 4: 
        [0, 60, 42, 16, 61, 54, 89, 66, 33, 37, 57, 53, 67, 31, 2, 88, 0]
    Drone 1: 
        [0, 36, 0]
        [0, 29, 9, 0]
        [0, 94, 48, 0]
        [0, 19, 0]
        [0, 83, 0]
    Drone 2: 
        [0, 79, 0]
        [0, 98, 0]
        [0, 82, 0]
        [0, 6, 0]
        [0, 85, 78, 0]
    Drone 3: 
        [0, 50, 84, 14, 0]
        [0, 90, 92, 0]
        [0, 63, 28, 76, 96, 0]
    Drone 4: 
        [0, 8, 65, 5, 0]
        [0, 7, 25, 0]
Solution 8:
    Served: 83
    Makespan: 1763.92367784986
    Truck 1: 
        [0, 36, 79, 38, 44, 41, 58, 27, 26, 3, 91, 43, 30, 0]
    Truck 2: 
        [0, 10, 59, 46, 0]
        [0, 19, 51, 68, 0]
    Truck 3: 
        [0, 22, 86, 56, 47, 35, 77, 40, 69, 74, 52, 34, 72, 45, 18, 13, 0]
    Truck 4: 
        [0, 60, 42, 16, 61, 54, 89, 33, 37, 57, 53, 67, 80, 2, 88, 0]
    Drone 1: 
        [0, 64, 0]
        [0, 29, 9, 5, 24, 0]
        [0, 15, 73, 0]
        [0, 62, 0]
        [0, 32, 0]
    Drone 2: 
        [0, 39, 0]
        [0, 82, 0]
        [0, 97, 99, 55, 0]
        [0, 25, 63, 28, 76, 17, 0]
    Drone 3: 
        [0, 98, 8, 65, 0]
        [0, 23, 90, 92, 0]
        [0, 7, 0]
        [0, 100, 0]
    Drone 4: 
        [0, 50, 84, 14, 4, 95, 0]
        [0, 6, 0]
        [0, 81, 85, 78, 0]
Solution 9:
    Served: 81
    Makespan: 1737.243447883014
    Truck 1: 
        [0, 36, 39, 1, 71, 97, 99, 12, 55, 15, 73, 100, 62, 0]
    Truck 2: 
        [0, 79, 59, 41, 58, 46, 27, 91, 43, 81, 0]
    Truck 3: 
        [0, 64, 98, 38, 82, 44, 47, 77, 40, 35, 69, 74, 52, 34, 72, 45, 18, 0]
    Truck 4: 
        [0, 10, 42, 16, 61, 54, 89, 66, 33, 37, 57, 53, 67, 31, 0]
    Drone 1: 
        [0, 22, 50, 0]
        [0, 94, 48, 0]
        [0, 19, 0]
        [0, 51, 68, 88, 2, 0]
    Drone 2: 
        [0, 29, 9, 0]
        [0, 90, 92, 0]
        [0, 63, 28, 76, 83, 0]
    Drone 3: 
        [0, 8, 65, 5, 0]
        [0, 6, 0]
        [0, 85, 78, 0]
    Drone 4: 
        [0, 84, 14, 4, 95, 0]
        [0, 7, 25, 0]
        [0, 13, 0]
        [0, 32, 0]
Solution 10:
    Served: 77
    Makespan: 1734.8526792960486
    Truck 1: 
        [0, 36, 39, 1, 71, 97, 99, 12, 55, 15, 73, 100, 62, 0]
    Truck 2: 
        [0, 79, 86, 87, 4, 95, 47, 77, 40, 69, 74, 52, 34, 0]
    Truck 3: 
        [0, 64, 98, 38, 82, 44, 41, 58, 27, 26, 3, 43, 0]
    Truck 4: 
        [0, 10, 42, 16, 61, 54, 89, 66, 33, 37, 57, 53, 31, 0]
    Drone 1: 
        [0, 22, 50, 0]
        [0, 94, 48, 0]
        [0, 19, 80, 67, 17, 0]
    Drone 2: 
        [0, 29, 9, 0]
        [0, 23, 90, 92, 0]
        [0, 81, 85, 0]
        [0, 32, 0]
    Drone 3: 
        [0, 8, 65, 5, 0]
        [0, 6, 7, 25, 0]
        [0, 68, 88, 2, 0]
    Drone 4: 
        [0, 84, 14, 0]
        [0, 72, 45, 13, 0]
Solution 11:
    Served: 72
    Makespan: 1717.929359909306
    Truck 1: 
        [0, 36, 39, 1, 71, 97, 99, 12, 55, 15, 73, 100, 62, 0]
    Truck 2: 
        [0, 79, 59, 41, 58, 46, 27, 91, 0]
    Truck 3: 
        [0, 64, 98, 38, 82, 44, 47, 77, 40, 35, 0]
    Truck 4: 
        [0, 10, 42, 16, 61, 54, 89, 66, 33, 37, 57, 53, 31, 0]
    Drone 1: 
        [0, 22, 50, 0]
        [0, 95, 0]
        [0, 90, 92, 43, 0]
        [0, 13, 0]
        [0, 32, 0]
    Drone 2: 
        [0, 29, 9, 0]
        [0, 94, 48, 0]
        [0, 72, 45, 0]
    Drone 3: 
        [0, 8, 65, 5, 0]
        [0, 6, 0]
        [0, 81, 85, 78, 0]
    Drone 4: 
        [0, 84, 14, 4, 0]
        [0, 7, 25, 0]
        [0, 19, 80, 51, 68, 88, 2, 0]
Solution 12:
    Served: 71
    Makespan: 1652.814480792386
    Truck 1: 
        [0, 36, 39, 1, 71, 97, 99, 12, 55, 15, 73, 100, 62, 0]
    Truck 2: 
        [0, 79, 98, 0]
        [0, 47, 77, 40, 0]
    Truck 3: 
        [0, 64, 60, 42, 16, 61, 54, 89, 0]
    Truck 4: 
        [0, 10, 59, 41, 58, 27, 26, 3, 91, 43, 0]
    Drone 1: 
        [0, 22, 50, 0]
        [0, 94, 48, 0]
        [0, 30, 80, 67, 0]
    Drone 2: 
        [0, 29, 9, 11, 0]
        [0, 23, 90, 92, 0]
        [0, 7, 25, 63, 28, 76, 0]
        [0, 32, 0]
    Drone 3: 
        [0, 8, 65, 5, 24, 0]
        [0, 33, 37, 0]
        [0, 13, 18, 0]
    Drone 4: 
        [0, 84, 14, 4, 95, 0]
        [0, 6, 0]
        [0, 81, 19, 51, 68, 2, 88, 0]
