Pareto Count: 24
Solution 1:
    Served: 49
    Makespan: 8929.28843267239
    Truck 1: 
        [0, 61, 41, 0]
        [0, 9, 44, 0]
    Truck 2: 
        [0, 58, 1, 0]
        [0, 15, 0]
        [0, 74, 83, 12, 82, 95, 5, 67, 77, 54, 86, 73, 99, 0]
    Truck 3: 
        [0, 87, 55, 0]
        [0, 22, 0]
        [0, 14, 52, 57, 32, 90, 28, 37, 29, 63, 43, 70, 47, 72, 76, 10, 0]
    Truck 4: 
        [0, 21, 0]
        [0, 75, 3, 0]
    Drone 1: 
        [0, 92, 42, 0]
        [0, 11, 0]
        [0, 71, 0]
        [0, 84, 0]
        [0, 39, 0]
    Drone 2: 
        [0, 16, 0]
        [0, 96, 0]
    Drone 3: 
        [0, 6, 0]
Solution 2:
    Served: 49
    Makespan: 8929.28843267239
    Truck 1: 
        [0, 61, 97, 0]
        [0, 9, 44, 0]
    Truck 2: 
        [0, 58, 1, 0]
        [0, 15, 0]
        [0, 74, 83, 12, 82, 95, 5, 67, 77, 54, 86, 73, 99, 0]
    Truck 3: 
        [0, 87, 55, 0]
        [0, 22, 0]
        [0, 14, 52, 57, 32, 90, 28, 37, 29, 63, 43, 70, 47, 72, 76, 10, 0]
    Truck 4: 
        [0, 21, 0]
        [0, 75, 3, 0]
    Drone 1: 
        [0, 92, 42, 0]
        [0, 11, 0]
        [0, 71, 0]
        [0, 84, 0]
        [0, 39, 0]
    Drone 2: 
        [0, 16, 0]
        [0, 96, 0]
    Drone 3: 
        [0, 6, 0]
Solution 3:
    Served: 49
    Makespan: 8929.28843267239
    Truck 1: 
        [0, 61, 41, 0]
        [0, 9, 44, 0]
    Truck 2: 
        [0, 58, 1, 0]
        [0, 15, 0]
        [0, 74, 83, 12, 82, 95, 5, 67, 77, 54, 86, 73, 99, 0]
    Truck 3: 
        [0, 87, 55, 0]
        [0, 22, 0]
        [0, 14, 52, 57, 32, 90, 28, 37, 29, 63, 43, 70, 47, 72, 76, 10, 0]
    Truck 4: 
        [0, 75, 3, 0]
    Drone 1: 
        [0, 92, 42, 0]
        [0, 11, 0]
        [0, 21, 0]
        [0, 84, 0]
        [0, 39, 0]
    Drone 2: 
        [0, 16, 0]
        [0, 71, 0]
        [0, 96, 0]
    Drone 3: 
        [0, 6, 0]
Solution 4:
    Served: 49
    Makespan: 8929.28843267239
    Truck 1: 
        [0, 61, 97, 0]
        [0, 9, 44, 0]
    Truck 2: 
        [0, 58, 1, 0]
        [0, 15, 0]
        [0, 74, 83, 12, 82, 95, 5, 67, 77, 54, 86, 73, 99, 0]
    Truck 3: 
        [0, 87, 55, 0]
        [0, 22, 0]
        [0, 14, 52, 57, 32, 90, 28, 37, 29, 63, 43, 70, 47, 72, 76, 10, 0]
    Truck 4: 
        [0, 75, 3, 0]
    Drone 1: 
        [0, 92, 42, 0]
        [0, 11, 0]
        [0, 21, 0]
        [0, 84, 0]
        [0, 39, 0]
    Drone 2: 
        [0, 16, 0]
        [0, 71, 0]
        [0, 96, 0]
    Drone 3: 
        [0, 6, 0]
Solution 5:
    Served: 49
    Makespan: 8929.28843267239
    Truck 1: 
        [0, 61, 41, 0]
        [0, 9, 44, 0]
    Truck 2: 
        [0, 58, 1, 0]
        [0, 15, 0]
        [0, 74, 83, 12, 82, 95, 5, 67, 77, 54, 86, 73, 99, 0]
    Truck 3: 
        [0, 87, 55, 0]
        [0, 22, 0]
        [0, 14, 52, 57, 32, 90, 28, 37, 29, 63, 43, 70, 47, 72, 76, 10, 0]
    Truck 4: 
        [0, 75, 3, 0]
        [0, 39, 0]
    Drone 1: 
        [0, 92, 42, 0]
        [0, 11, 0]
        [0, 21, 0]
        [0, 84, 0]
        [0, 96, 0]
    Drone 2: 
        [0, 16, 0]
        [0, 71, 0]
    Drone 3: 
        [0, 6, 0]
Solution 6:
    Served: 49
    Makespan: 8929.28843267239
    Truck 1: 
        [0, 61, 97, 0]
        [0, 9, 44, 0]
    Truck 2: 
        [0, 58, 1, 0]
        [0, 15, 0]
        [0, 74, 83, 12, 82, 95, 5, 67, 77, 54, 86, 73, 99, 0]
    Truck 3: 
        [0, 87, 55, 0]
        [0, 22, 0]
        [0, 14, 52, 57, 32, 90, 28, 37, 29, 63, 43, 70, 47, 72, 76, 10, 0]
    Truck 4: 
        [0, 75, 3, 0]
        [0, 39, 0]
    Drone 1: 
        [0, 92, 42, 0]
        [0, 11, 0]
        [0, 21, 0]
        [0, 84, 0]
        [0, 96, 0]
    Drone 2: 
        [0, 16, 0]
        [0, 71, 0]
    Drone 3: 
        [0, 6, 0]
Solution 7:
    Served: 49
    Makespan: 8929.28843267239
    Truck 1: 
        [0, 61, 97, 0]
        [0, 9, 44, 0]
        [0, 39, 0]
    Truck 2: 
        [0, 58, 1, 0]
        [0, 15, 0]
        [0, 74, 83, 12, 82, 95, 5, 67, 77, 54, 86, 73, 99, 0]
    Truck 3: 
        [0, 87, 55, 0]
        [0, 22, 0]
        [0, 14, 52, 57, 32, 90, 28, 37, 29, 63, 43, 70, 47, 72, 76, 10, 0]
    Truck 4: 
        [0, 21, 0]
        [0, 75, 3, 0]
    Drone 1: 
        [0, 92, 42, 0]
        [0, 11, 0]
        [0, 71, 0]
        [0, 84, 0]
        [0, 96, 0]
    Drone 2: 
        [0, 16, 0]
    Drone 3: 
        [0, 6, 0]
Solution 8:
    Served: 49
    Makespan: 8929.28843267239
    Truck 1: 
        [0, 61, 97, 0]
        [0, 9, 44, 0]
    Truck 2: 
        [0, 58, 1, 0]
        [0, 15, 0]
        [0, 74, 83, 12, 82, 95, 5, 67, 77, 54, 86, 73, 99, 0]
    Truck 3: 
        [0, 87, 55, 0]
        [0, 22, 0]
        [0, 14, 52, 57, 32, 90, 28, 37, 29, 63, 43, 70, 47, 72, 76, 10, 0]
    Truck 4: 
        [0, 21, 0]
        [0, 75, 3, 0]
        [0, 39, 0]
    Drone 1: 
        [0, 92, 42, 0]
        [0, 11, 0]
        [0, 71, 0]
        [0, 84, 0]
        [0, 96, 0]
    Drone 2: 
        [0, 16, 0]
    Drone 3: 
        [0, 6, 0]
Solution 9:
    Served: 49
    Makespan: 8929.28843267239
    Truck 1: 
        [0, 61, 41, 0]
        [0, 9, 44, 0]
    Truck 2: 
        [0, 58, 1, 0]
        [0, 15, 0]
        [0, 74, 83, 12, 82, 95, 5, 67, 77, 54, 86, 73, 99, 0]
    Truck 3: 
        [0, 87, 55, 0]
        [0, 22, 0]
        [0, 14, 52, 57, 32, 90, 28, 37, 29, 63, 43, 70, 47, 72, 76, 10, 0]
    Truck 4: 
        [0, 21, 0]
        [0, 75, 3, 0]
        [0, 39, 0]
    Drone 1: 
        [0, 92, 42, 0]
        [0, 11, 0]
        [0, 71, 0]
        [0, 84, 0]
        [0, 96, 0]
    Drone 2: 
        [0, 16, 0]
    Drone 3: 
        [0, 6, 0]
Solution 10:
    Served: 49
    Makespan: 8929.28843267239
    Truck 1: 
        [0, 61, 58, 0]
        [0, 9, 44, 0]
    Truck 2: 
        [0, 97, 88, 0]
        [0, 15, 0]
        [0, 74, 83, 12, 82, 95, 5, 67, 77, 54, 86, 73, 99, 0]
    Truck 3: 
        [0, 87, 55, 0]
        [0, 22, 0]
        [0, 14, 52, 57, 32, 90, 28, 37, 29, 63, 43, 70, 47, 72, 76, 10, 0]
    Truck 4: 
        [0, 21, 0]
        [0, 75, 3, 0]
        [0, 39, 0]
    Drone 1: 
        [0, 92, 42, 0]
        [0, 11, 0]
        [0, 71, 0]
        [0, 84, 0]
        [0, 96, 0]
    Drone 2: 
        [0, 16, 0]
    Drone 3: 
        [0, 6, 0]
Solution 11:
    Served: 49
    Makespan: 8929.28843267239
    Truck 1: 
        [0, 61, 58, 0]
        [0, 9, 44, 0]
    Truck 2: 
        [0, 97, 88, 0]
        [0, 15, 0]
        [0, 74, 83, 12, 82, 95, 5, 67, 77, 54, 86, 73, 99, 0]
    Truck 3: 
        [0, 87, 55, 0]
        [0, 22, 0]
        [0, 14, 52, 57, 32, 90, 28, 37, 29, 63, 43, 70, 47, 72, 76, 10, 0]
    Truck 4: 
        [0, 21, 0]
        [0, 75, 3, 0]
    Drone 1: 
        [0, 92, 42, 0]
        [0, 11, 0]
        [0, 71, 0]
        [0, 84, 0]
        [0, 39, 0]
    Drone 2: 
        [0, 16, 0]
        [0, 96, 0]
    Drone 3: 
        [0, 6, 0]
Solution 12:
    Served: 49
    Makespan: 8929.28843267239
    Truck 1: 
        [0, 61, 41, 0]
        [0, 9, 44, 0]
    Truck 2: 
        [0, 97, 88, 0]
        [0, 15, 0]
        [0, 74, 83, 12, 82, 95, 5, 67, 77, 54, 86, 73, 99, 0]
    Truck 3: 
        [0, 87, 55, 0]
        [0, 22, 0]
        [0, 14, 52, 57, 32, 90, 28, 37, 29, 63, 43, 70, 47, 72, 76, 10, 0]
    Truck 4: 
        [0, 21, 0]
        [0, 75, 3, 0]
        [0, 39, 0]
    Drone 1: 
        [0, 92, 42, 0]
        [0, 11, 0]
        [0, 71, 0]
        [0, 84, 0]
        [0, 96, 0]
    Drone 2: 
        [0, 16, 0]
    Drone 3: 
        [0, 6, 0]
Solution 13:
    Served: 49
    Makespan: 8929.28843267239
    Truck 1: 
        [0, 61, 41, 0]
        [0, 9, 44, 0]
    Truck 2: 
        [0, 97, 88, 0]
        [0, 15, 0]
        [0, 74, 83, 12, 82, 95, 5, 67, 77, 54, 86, 73, 99, 0]
    Truck 3: 
        [0, 87, 55, 0]
        [0, 22, 0]
        [0, 14, 52, 57, 32, 90, 28, 37, 29, 63, 43, 70, 47, 72, 76, 10, 0]
    Truck 4: 
        [0, 21, 0]
        [0, 75, 3, 0]
    Drone 1: 
        [0, 92, 42, 0]
        [0, 11, 0]
        [0, 71, 0]
        [0, 84, 0]
        [0, 39, 0]
    Drone 2: 
        [0, 16, 0]
        [0, 96, 0]
    Drone 3: 
        [0, 6, 0]
Solution 14:
    Served: 49
    Makespan: 8929.28843267239
    Truck 1: 
        [0, 61, 58, 0]
        [0, 9, 44, 0]
    Truck 2: 
        [0, 97, 88, 0]
        [0, 15, 0]
        [0, 74, 83, 12, 82, 95, 5, 67, 77, 54, 86, 73, 99, 0]
    Truck 3: 
        [0, 87, 55, 0]
        [0, 22, 0]
        [0, 14, 52, 57, 32, 90, 28, 37, 29, 63, 43, 70, 47, 72, 76, 10, 0]
    Truck 4: 
        [0, 75, 3, 0]
    Drone 1: 
        [0, 92, 42, 0]
        [0, 11, 0]
        [0, 21, 0]
        [0, 84, 0]
        [0, 39, 0]
    Drone 2: 
        [0, 16, 0]
        [0, 71, 0]
        [0, 96, 0]
    Drone 3: 
        [0, 6, 0]
Solution 15:
    Served: 49
    Makespan: 8929.28843267239
    Truck 1: 
        [0, 61, 58, 0]
        [0, 9, 44, 0]
    Truck 2: 
        [0, 97, 88, 0]
        [0, 15, 0]
        [0, 74, 83, 12, 82, 95, 5, 67, 77, 54, 86, 73, 99, 0]
    Truck 3: 
        [0, 87, 55, 0]
        [0, 22, 0]
        [0, 14, 52, 57, 32, 90, 28, 37, 29, 63, 43, 70, 47, 72, 76, 10, 0]
    Truck 4: 
        [0, 75, 3, 0]
        [0, 39, 0]
    Drone 1: 
        [0, 92, 42, 0]
        [0, 11, 0]
        [0, 21, 0]
        [0, 84, 0]
        [0, 96, 0]
    Drone 2: 
        [0, 16, 0]
        [0, 71, 0]
    Drone 3: 
        [0, 6, 0]
Solution 16:
    Served: 46
    Makespan: 8904.381302444532
    Truck 1: 
        [0, 61, 41, 0]
        [0, 9, 44, 0]
    Truck 2: 
        [0, 58, 1, 0]
        [0, 15, 0]
        [0, 74, 83, 12, 82, 95, 5, 67, 77, 54, 0]
    Truck 3: 
        [0, 87, 55, 0]
        [0, 22, 0]
        [0, 14, 52, 57, 32, 90, 28, 37, 29, 63, 43, 70, 47, 72, 76, 10, 0]
    Truck 4: 
        [0, 21, 0]
        [0, 75, 3, 0]
        [0, 39, 0]
    Drone 1: 
        [0, 92, 42, 0]
        [0, 11, 0]
        [0, 71, 0]
        [0, 84, 0]
        [0, 96, 0]
    Drone 2: 
        [0, 16, 0]
    Drone 3: 
        [0, 6, 0]
Solution 17:
    Served: 46
    Makespan: 8904.381302444532
    Truck 1: 
        [0, 61, 41, 0]
        [0, 9, 44, 0]
        [0, 39, 0]
    Truck 2: 
        [0, 58, 1, 0]
        [0, 15, 0]
        [0, 74, 83, 12, 82, 95, 5, 67, 77, 54, 0]
    Truck 3: 
        [0, 87, 55, 0]
        [0, 22, 0]
        [0, 14, 52, 57, 32, 90, 28, 37, 29, 63, 43, 70, 47, 72, 76, 10, 0]
    Truck 4: 
        [0, 21, 0]
        [0, 75, 3, 0]
    Drone 1: 
        [0, 92, 42, 0]
        [0, 11, 0]
        [0, 71, 0]
        [0, 84, 0]
        [0, 96, 0]
    Drone 2: 
        [0, 16, 0]
    Drone 3: 
        [0, 6, 0]
Solution 18:
    Served: 46
    Makespan: 8904.381302444532
    Truck 1: 
        [0, 61, 97, 0]
        [0, 9, 44, 0]
    Truck 2: 
        [0, 58, 1, 0]
        [0, 15, 0]
        [0, 74, 83, 12, 82, 95, 5, 67, 77, 54, 0]
    Truck 3: 
        [0, 87, 55, 0]
        [0, 22, 0]
        [0, 14, 52, 57, 32, 90, 28, 37, 29, 63, 43, 70, 47, 72, 76, 10, 0]
    Truck 4: 
        [0, 21, 0]
        [0, 75, 3, 0]
        [0, 39, 0]
    Drone 1: 
        [0, 92, 42, 0]
        [0, 11, 0]
        [0, 71, 0]
        [0, 84, 0]
        [0, 96, 0]
    Drone 2: 
        [0, 16, 0]
    Drone 3: 
        [0, 6, 0]
Solution 19:
    Served: 46
    Makespan: 8904.381302444532
    Truck 1: 
        [0, 61, 97, 0]
        [0, 9, 44, 0]
    Truck 2: 
        [0, 58, 1, 0]
        [0, 15, 0]
        [0, 74, 83, 12, 82, 95, 5, 67, 77, 54, 0]
    Truck 3: 
        [0, 87, 55, 0]
        [0, 22, 0]
        [0, 14, 52, 57, 32, 90, 28, 37, 29, 63, 43, 70, 47, 72, 76, 10, 0]
    Truck 4: 
        [0, 21, 0]
        [0, 75, 3, 0]
    Drone 1: 
        [0, 92, 42, 0]
        [0, 11, 0]
        [0, 71, 0]
        [0, 84, 0]
        [0, 39, 0]
    Drone 2: 
        [0, 16, 0]
        [0, 96, 0]
    Drone 3: 
        [0, 6, 0]
Solution 20:
    Served: 46
    Makespan: 8904.381302444532
    Truck 1: 
        [0, 61, 41, 0]
        [0, 9, 44, 0]
    Truck 2: 
        [0, 58, 1, 0]
        [0, 15, 0]
        [0, 74, 83, 12, 82, 95, 5, 67, 77, 54, 0]
    Truck 3: 
        [0, 87, 55, 0]
        [0, 22, 0]
        [0, 14, 52, 57, 32, 90, 28, 37, 29, 63, 43, 70, 47, 72, 76, 10, 0]
    Truck 4: 
        [0, 21, 0]
        [0, 75, 3, 0]
    Drone 1: 
        [0, 92, 42, 0]
        [0, 11, 0]
        [0, 71, 0]
        [0, 84, 0]
        [0, 39, 0]
    Drone 2: 
        [0, 16, 0]
        [0, 96, 0]
    Drone 3: 
        [0, 6, 0]
Solution 21:
    Served: 45
    Makespan: 8888.927914451744
    Truck 1: 
        [0, 61, 41, 0]
        [0, 9, 44, 0]
        [0, 39, 0]
    Truck 2: 
        [0, 58, 1, 0]
        [0, 15, 0]
        [0, 74, 83, 12, 82, 95, 5, 67, 77, 54, 0]
    Truck 3: 
        [0, 87, 55, 0]
        [0, 22, 0]
        [0, 14, 52, 57, 32, 90, 28, 37, 29, 63, 70, 47, 72, 76, 10, 0]
    Truck 4: 
        [0, 21, 0]
        [0, 75, 3, 0]
    Drone 1: 
        [0, 92, 42, 0]
        [0, 11, 0]
        [0, 71, 0]
        [0, 84, 0]
        [0, 96, 0]
    Drone 2: 
        [0, 16, 0]
    Drone 3: 
        [0, 6, 0]
Solution 22:
    Served: 45
    Makespan: 8888.927914451744
    Truck 1: 
        [0, 61, 41, 0]
        [0, 9, 44, 0]
    Truck 2: 
        [0, 58, 1, 0]
        [0, 15, 0]
        [0, 74, 83, 12, 82, 95, 5, 67, 77, 54, 0]
    Truck 3: 
        [0, 87, 55, 0]
        [0, 22, 0]
        [0, 14, 52, 57, 32, 90, 28, 37, 29, 63, 70, 47, 72, 76, 10, 0]
    Truck 4: 
        [0, 21, 0]
        [0, 75, 3, 0]
        [0, 39, 0]
    Drone 1: 
        [0, 92, 42, 0]
        [0, 11, 0]
        [0, 71, 0]
        [0, 84, 0]
        [0, 96, 0]
    Drone 2: 
        [0, 16, 0]
    Drone 3: 
        [0, 6, 0]
Solution 23:
    Served: 28
    Makespan: 8554.724206699695
    Truck 1: 
        [0, 61, 41, 0]
        [0, 15, 0]
        [0, 9, 44, 0]
    Truck 2: 
        [0, 97, 88, 0]
        [0, 22, 0]
        [0, 74, 83, 0]
    Truck 3: 
        [0, 58, 1, 0]
        [0, 75, 3, 0]
    Truck 4: 
        [0, 87, 55, 0]
        [0, 14, 52, 0]
    Drone 1: 
        [0, 92, 42, 0]
        [0, 11, 0]
        [0, 21, 0]
        [0, 84, 0]
        [0, 39, 0]
    Drone 2: 
        [0, 16, 0]
        [0, 71, 0]
        [0, 96, 0]
    Drone 3: 
        [0, 6, 0]
Solution 24:
    Served: 27
    Makespan: 8455.506817154737
    Truck 1: 
        [0, 61, 41, 0]
        [0, 15, 0]
        [0, 9, 44, 0]
    Truck 2: 
        [0, 97, 88, 0]
        [0, 22, 0]
        [0, 74, 83, 0]
    Truck 3: 
        [0, 58, 1, 0]
        [0, 75, 3, 0]
    Truck 4: 
        [0, 87, 55, 0]
        [0, 14, 52, 0]
    Drone 1: 
        [0, 92, 42, 0]
        [0, 11, 0]
        [0, 21, 0]
        [0, 84, 0]
        [0, 39, 0]
    Drone 2: 
        [0, 16, 0]
        [0, 71, 0]
    Drone 3: 
        [0, 6, 0]
