Pareto Count: 21
Solution 1:
    Served: 86
    Makespan: 1793.2275653232919
    Truck 1: 
        [0, 68, 27, 0]
        [0, 32, 24, 51, 100, 0]
    Truck 2: 
        [0, 82, 84, 49, 0]
        [0, 53, 97, 50, 0]
    Truck 3: 
        [0, 48, 73, 60, 93, 9, 96, 26, 36, 33, 42, 44, 77, 88, 22, 47, 25, 17, 0]
    Truck 4: 
        [0, 75, 98, 15, 18, 30, 31, 71, 61, 64, 45, 57, 6, 87, 52, 0]
    Drone 1: 
        [0, 65, 28, 78, 41, 43, 0]
        [0, 54, 29, 4, 13, 0]
        [0, 85, 12, 0]
    Drone 2: 
        [0, 8, 83, 38, 62, 92, 0]
        [0, 2, 69, 56, 21, 0]
        [0, 7, 14, 70, 0]
    Drone 3: 
        [0, 74, 0]
        [0, 99, 3, 0]
        [0, 81, 40, 10, 20, 0]
        [0, 91, 72, 63, 46, 66, 0]
    Drone 4: 
        [0, 5, 58, 0]
        [0, 86, 0]
        [0, 1, 19, 89, 11, 67, 0]
Solution 2:
    Served: 86
    Makespan: 1793.2275653232919
    Truck 1: 
        [0, 68, 27, 0]
        [0, 32, 24, 51, 100, 0]
    Truck 2: 
        [0, 82, 84, 49, 0]
        [0, 53, 50, 97, 0]
    Truck 3: 
        [0, 48, 73, 60, 93, 9, 96, 26, 36, 33, 42, 44, 77, 88, 22, 47, 25, 17, 0]
    Truck 4: 
        [0, 75, 98, 15, 18, 30, 31, 71, 61, 64, 45, 57, 6, 87, 52, 0]
    Drone 1: 
        [0, 65, 28, 78, 41, 43, 0]
        [0, 54, 29, 4, 13, 0]
        [0, 85, 12, 0]
    Drone 2: 
        [0, 8, 83, 38, 62, 92, 0]
        [0, 2, 69, 56, 21, 0]
        [0, 7, 14, 70, 0]
    Drone 3: 
        [0, 74, 0]
        [0, 99, 3, 0]
        [0, 81, 40, 10, 20, 0]
        [0, 91, 72, 63, 46, 66, 0]
    Drone 4: 
        [0, 5, 58, 0]
        [0, 86, 0]
        [0, 1, 19, 89, 11, 67, 0]
Solution 3:
    Served: 85
    Makespan: 1781.9471403747164
    Truck 1: 
        [0, 65, 8, 82, 84, 49, 80, 76, 24, 51, 100, 0]
    Truck 2: 
        [0, 68, 27, 0]
        [0, 32, 55, 89, 0]
        [0, 53, 97, 50, 0]
    Truck 3: 
        [0, 48, 73, 60, 93, 9, 96, 26, 36, 33, 42, 44, 77, 88, 22, 47, 25, 0]
    Truck 4: 
        [0, 75, 98, 15, 18, 30, 31, 71, 61, 64, 45, 57, 6, 87, 52, 17, 0]
    Drone 1: 
        [0, 83, 99, 0]
        [0, 37, 69, 56, 0]
        [0, 7, 63, 72, 46, 0]
    Drone 2: 
        [0, 74, 0]
        [0, 38, 62, 92, 35, 0]
        [0, 1, 19, 11, 67, 0]
    Drone 3: 
        [0, 5, 58, 0]
        [0, 2, 81, 40, 21, 20, 0]
        [0, 34, 12, 0]
    Drone 4: 
        [0, 28, 78, 0]
        [0, 86, 0]
        [0, 54, 29, 4, 13, 0]
        [0, 66, 39, 0]
Solution 4:
    Served: 85
    Makespan: 1781.9471403747164
    Truck 1: 
        [0, 65, 8, 82, 84, 49, 80, 76, 24, 51, 100, 0]
    Truck 2: 
        [0, 68, 27, 0]
        [0, 32, 55, 89, 0]
        [0, 53, 97, 50, 0]
    Truck 3: 
        [0, 48, 73, 60, 93, 9, 96, 26, 36, 33, 42, 44, 77, 88, 22, 47, 25, 0]
    Truck 4: 
        [0, 75, 98, 15, 18, 30, 31, 71, 61, 64, 45, 57, 6, 87, 52, 17, 0]
    Drone 1: 
        [0, 83, 99, 0]
        [0, 37, 69, 56, 0]
        [0, 7, 72, 63, 46, 0]
    Drone 2: 
        [0, 74, 0]
        [0, 38, 62, 92, 35, 0]
        [0, 1, 19, 11, 67, 0]
    Drone 3: 
        [0, 5, 58, 0]
        [0, 2, 81, 40, 21, 20, 0]
        [0, 34, 12, 0]
    Drone 4: 
        [0, 28, 78, 0]
        [0, 86, 0]
        [0, 54, 29, 4, 13, 0]
        [0, 66, 39, 0]
Solution 5:
    Served: 85
    Makespan: 1781.9471403747164
    Truck 1: 
        [0, 65, 8, 82, 84, 49, 80, 76, 24, 51, 100, 0]
    Truck 2: 
        [0, 68, 27, 0]
        [0, 32, 55, 89, 0]
        [0, 53, 97, 50, 0]
    Truck 3: 
        [0, 48, 73, 60, 93, 9, 96, 26, 36, 33, 42, 44, 77, 88, 22, 47, 25, 0]
    Truck 4: 
        [0, 75, 98, 15, 18, 30, 31, 71, 61, 64, 45, 57, 6, 87, 52, 17, 0]
    Drone 1: 
        [0, 83, 99, 0]
        [0, 37, 69, 56, 0]
        [0, 7, 63, 72, 46, 0]
    Drone 2: 
        [0, 74, 0]
        [0, 38, 62, 92, 35, 0]
        [0, 1, 19, 11, 0]
    Drone 3: 
        [0, 5, 58, 0]
        [0, 2, 81, 21, 10, 20, 0]
        [0, 67, 34, 12, 0]
    Drone 4: 
        [0, 28, 78, 0]
        [0, 86, 0]
        [0, 54, 29, 4, 13, 0]
        [0, 66, 39, 0]
Solution 6:
    Served: 84
    Makespan: 1753.4718237577363
    Truck 1: 
        [0, 68, 27, 0]
        [0, 32, 24, 51, 100, 0]
    Truck 2: 
        [0, 82, 84, 49, 0]
        [0, 53, 97, 50, 0]
    Truck 3: 
        [0, 48, 73, 60, 93, 9, 96, 26, 36, 33, 42, 44, 77, 88, 22, 47, 25, 0]
    Truck 4: 
        [0, 75, 98, 15, 18, 30, 31, 71, 61, 64, 45, 57, 6, 87, 52, 0]
    Drone 1: 
        [0, 65, 28, 78, 41, 43, 0]
        [0, 54, 29, 4, 13, 0]
        [0, 85, 12, 0]
    Drone 2: 
        [0, 8, 83, 38, 62, 92, 0]
        [0, 2, 69, 56, 21, 0]
        [0, 7, 14, 0]
    Drone 3: 
        [0, 74, 0]
        [0, 99, 3, 0]
        [0, 81, 40, 10, 20, 0]
        [0, 91, 72, 63, 46, 66, 0]
    Drone 4: 
        [0, 5, 58, 0]
        [0, 86, 0]
        [0, 1, 19, 89, 11, 67, 0]
Solution 7:
    Served: 84
    Makespan: 1753.4718237577363
    Truck 1: 
        [0, 68, 27, 0]
        [0, 32, 24, 51, 100, 0]
    Truck 2: 
        [0, 82, 84, 49, 0]
        [0, 53, 50, 97, 0]
    Truck 3: 
        [0, 48, 73, 60, 93, 9, 96, 26, 36, 33, 42, 44, 77, 88, 22, 47, 25, 0]
    Truck 4: 
        [0, 75, 98, 15, 18, 30, 31, 71, 61, 64, 45, 57, 6, 87, 52, 0]
    Drone 1: 
        [0, 65, 28, 78, 41, 43, 0]
        [0, 54, 29, 4, 13, 0]
        [0, 85, 12, 0]
    Drone 2: 
        [0, 8, 83, 38, 62, 92, 0]
        [0, 2, 69, 56, 21, 0]
        [0, 7, 14, 0]
    Drone 3: 
        [0, 74, 0]
        [0, 99, 3, 0]
        [0, 81, 40, 10, 20, 0]
        [0, 91, 72, 63, 46, 66, 0]
    Drone 4: 
        [0, 5, 58, 0]
        [0, 86, 0]
        [0, 1, 19, 89, 11, 67, 0]
Solution 8:
    Served: 84
    Makespan: 1753.4718237577363
    Truck 1: 
        [0, 68, 27, 0]
        [0, 32, 24, 51, 100, 0]
    Truck 2: 
        [0, 82, 84, 49, 0]
        [0, 53, 97, 50, 0]
    Truck 3: 
        [0, 48, 73, 60, 93, 9, 96, 26, 33, 36, 42, 44, 77, 88, 22, 47, 25, 0]
    Truck 4: 
        [0, 75, 98, 15, 18, 30, 31, 71, 61, 64, 45, 57, 6, 87, 52, 0]
    Drone 1: 
        [0, 65, 28, 78, 41, 43, 0]
        [0, 54, 29, 4, 13, 0]
        [0, 85, 12, 0]
    Drone 2: 
        [0, 8, 83, 38, 62, 92, 0]
        [0, 2, 69, 56, 21, 0]
        [0, 7, 14, 0]
    Drone 3: 
        [0, 74, 0]
        [0, 99, 3, 0]
        [0, 81, 40, 10, 20, 0]
        [0, 91, 72, 63, 46, 66, 0]
    Drone 4: 
        [0, 5, 58, 0]
        [0, 86, 0]
        [0, 1, 19, 89, 11, 67, 0]
Solution 9:
    Served: 82
    Makespan: 1747.466044348968
    Truck 1: 
        [0, 68, 27, 0]
        [0, 32, 24, 51, 100, 0]
    Truck 2: 
        [0, 82, 84, 49, 0]
        [0, 53, 97, 50, 0]
    Truck 3: 
        [0, 48, 73, 60, 93, 9, 96, 26, 36, 33, 42, 44, 77, 88, 22, 47, 25, 0]
    Truck 4: 
        [0, 75, 98, 15, 18, 30, 31, 71, 61, 64, 45, 57, 6, 87, 52, 0]
    Drone 1: 
        [0, 65, 28, 78, 41, 43, 0]
        [0, 1, 19, 89, 0]
        [0, 85, 0]
    Drone 2: 
        [0, 8, 83, 38, 62, 92, 0]
        [0, 2, 69, 56, 21, 10, 0]
        [0, 67, 34, 90, 0]
    Drone 3: 
        [0, 74, 0]
        [0, 99, 3, 0]
        [0, 81, 40, 54, 0]
        [0, 11, 91, 72, 46, 66, 0]
    Drone 4: 
        [0, 5, 58, 0]
        [0, 86, 0]
        [0, 4, 7, 13, 63, 0]
Solution 10:
    Served: 82
    Makespan: 1747.466044348968
    Truck 1: 
        [0, 68, 27, 0]
        [0, 32, 24, 51, 100, 0]
    Truck 2: 
        [0, 82, 84, 49, 0]
        [0, 53, 97, 50, 0]
    Truck 3: 
        [0, 48, 73, 60, 93, 9, 96, 26, 36, 33, 42, 44, 77, 88, 22, 47, 25, 0]
    Truck 4: 
        [0, 75, 98, 15, 18, 30, 31, 71, 61, 64, 45, 57, 6, 87, 52, 0]
    Drone 1: 
        [0, 65, 28, 78, 41, 43, 0]
        [0, 1, 19, 89, 0]
        [0, 85, 0]
    Drone 2: 
        [0, 8, 83, 38, 62, 92, 0]
        [0, 2, 69, 56, 21, 10, 0]
        [0, 67, 34, 12, 0]
    Drone 3: 
        [0, 74, 0]
        [0, 99, 3, 0]
        [0, 81, 40, 54, 0]
        [0, 11, 91, 72, 46, 66, 0]
    Drone 4: 
        [0, 5, 58, 0]
        [0, 86, 0]
        [0, 4, 13, 7, 63, 0]
Solution 11:
    Served: 82
    Makespan: 1747.466044348968
    Truck 1: 
        [0, 68, 27, 0]
        [0, 32, 24, 51, 100, 0]
    Truck 2: 
        [0, 82, 84, 49, 0]
        [0, 97, 50, 0]
    Truck 3: 
        [0, 48, 73, 60, 93, 9, 96, 26, 33, 36, 42, 44, 77, 88, 22, 47, 25, 0]
    Truck 4: 
        [0, 75, 98, 15, 18, 30, 31, 71, 61, 64, 45, 57, 6, 87, 52, 0]
    Drone 1: 
        [0, 65, 5, 58, 16, 35, 0]
        [0, 81, 21, 10, 20, 0]
        [0, 67, 34, 12, 0]
    Drone 2: 
        [0, 8, 83, 99, 38, 0]
        [0, 37, 56, 0]
        [0, 13, 7, 53, 0]
    Drone 3: 
        [0, 74, 0]
        [0, 62, 92, 0]
        [0, 2, 86, 0]
        [0, 1, 89, 19, 11, 0]
        [0, 85, 0]
    Drone 4: 
        [0, 28, 78, 0]
        [0, 40, 29, 54, 0]
        [0, 91, 63, 66, 46, 39, 0]
Solution 12:
    Served: 80
    Makespan: 1745.6341934790998
    Truck 1: 
        [0, 82, 84, 49, 0]
    Truck 2: 
        [0, 48, 73, 60, 93, 9, 96, 26, 33, 36, 42, 44, 77, 88, 22, 47, 25, 0]
    Truck 3: 
        [0, 75, 0]
        [0, 2, 69, 29, 4, 7, 59, 72, 53, 97, 50, 0]
    Truck 4: 
        [0, 98, 15, 30, 31, 71, 61, 64, 45, 57, 6, 87, 52, 17, 0]
    Drone 1: 
        [0, 65, 5, 58, 16, 35, 0]
        [0, 81, 40, 21, 20, 0]
        [0, 67, 100, 0]
    Drone 2: 
        [0, 8, 83, 38, 62, 27, 0]
        [0, 86, 0]
        [0, 54, 0]
        [0, 91, 0]
        [0, 85, 0]
        [0, 66, 39, 0]
    Drone 3: 
        [0, 74, 28, 41, 0]
        [0, 1, 89, 19, 11, 0]
    Drone 4: 
        [0, 68, 99, 3, 0]
        [0, 56, 79, 10, 0]
        [0, 34, 12, 0]
Solution 13:
    Served: 80
    Makespan: 1745.6341934790998
    Truck 1: 
        [0, 68, 27, 0]
        [0, 86, 0]
        [0, 24, 51, 100, 0]
    Truck 2: 
        [0, 48, 73, 60, 93, 9, 96, 26, 33, 36, 42, 44, 77, 88, 22, 47, 25, 0]
    Truck 3: 
        [0, 75, 0]
        [0, 2, 69, 29, 4, 7, 59, 72, 53, 97, 50, 0]
    Truck 4: 
        [0, 98, 15, 30, 31, 71, 61, 64, 45, 57, 6, 87, 52, 17, 0]
    Drone 1: 
        [0, 65, 5, 58, 16, 35, 0]
        [0, 81, 40, 0]
        [0, 91, 0]
        [0, 66, 39, 0]
    Drone 2: 
        [0, 8, 99, 83, 38, 62, 0]
        [0, 56, 79, 21, 20, 0]
        [0, 85, 12, 0]
    Drone 3: 
        [0, 74, 0]
        [0, 3, 84, 0]
        [0, 1, 89, 19, 0]
    Drone 4: 
        [0, 28, 78, 0]
        [0, 54, 0]
        [0, 11, 67, 34, 90, 0]
Solution 14:
    Served: 80
    Makespan: 1745.6341934790998
    Truck 1: 
        [0, 68, 27, 0]
        [0, 32, 24, 51, 100, 0]
    Truck 2: 
        [0, 82, 84, 49, 0]
        [0, 97, 50, 0]
    Truck 3: 
        [0, 48, 73, 60, 93, 9, 96, 26, 33, 36, 42, 44, 77, 88, 22, 47, 25, 0]
    Truck 4: 
        [0, 75, 98, 15, 30, 31, 18, 71, 61, 64, 45, 6, 87, 52, 17, 0]
    Drone 1: 
        [0, 65, 5, 58, 16, 35, 0]
        [0, 69, 21, 10, 20, 0]
        [0, 85, 67, 53, 0]
    Drone 2: 
        [0, 8, 83, 38, 62, 92, 0]
        [0, 43, 0]
        [0, 86, 1, 0]
        [0, 91, 72, 63, 46, 0]
    Drone 3: 
        [0, 74, 0]
        [0, 99, 3, 0]
        [0, 2, 81, 0]
        [0, 34, 12, 0]
    Drone 4: 
        [0, 28, 78, 0]
        [0, 40, 29, 54, 0]
        [0, 11, 0]
        [0, 66, 39, 0]
Solution 15:
    Served: 79
    Makespan: 1735.8846107680868
    Truck 1: 
        [0, 82, 84, 49, 0]
        [0, 97, 50, 0]
    Truck 2: 
        [0, 48, 73, 60, 93, 9, 96, 26, 33, 36, 42, 44, 77, 88, 22, 47, 25, 0]
    Truck 3: 
        [0, 75, 98, 15, 30, 31, 18, 71, 61, 64, 45, 6, 87, 52, 0]
    Truck 4: 
        [0, 86, 0]
        [0, 24, 51, 100, 0]
    Drone 1: 
        [0, 65, 5, 58, 16, 35, 0]
        [0, 32, 1, 0]
        [0, 89, 11, 0]
        [0, 17, 0]
    Drone 2: 
        [0, 8, 83, 38, 62, 92, 0]
        [0, 2, 69, 81, 56, 0]
        [0, 91, 67, 34, 12, 0]
    Drone 3: 
        [0, 74, 28, 41, 0]
        [0, 13, 7, 72, 66, 39, 0]
    Drone 4: 
        [0, 68, 99, 3, 27, 0]
        [0, 40, 29, 54, 20, 0]
        [0, 85, 53, 0]
Solution 16:
    Served: 78
    Makespan: 1715.6399570878727
    Truck 1: 
        [0, 68, 27, 0]
        [0, 32, 24, 51, 100, 0]
    Truck 2: 
        [0, 82, 84, 49, 0]
        [0, 53, 97, 50, 0]
    Truck 3: 
        [0, 48, 73, 60, 93, 9, 96, 26, 33, 36, 42, 44, 6, 87, 52, 0]
    Truck 4: 
        [0, 75, 98, 15, 30, 31, 71, 61, 64, 45, 57, 0]
    Drone 1: 
        [0, 65, 28, 78, 41, 43, 0]
        [0, 1, 89, 19, 0]
        [0, 85, 47, 25, 0]
    Drone 2: 
        [0, 8, 83, 38, 62, 92, 0]
        [0, 2, 69, 56, 21, 10, 0]
        [0, 67, 34, 12, 0]
    Drone 3: 
        [0, 74, 0]
        [0, 99, 3, 0]
        [0, 81, 40, 54, 0]
        [0, 11, 91, 72, 66, 39, 0]
    Drone 4: 
        [0, 5, 58, 0]
        [0, 86, 0]
        [0, 4, 7, 13, 63, 0]
Solution 17:
    Served: 78
    Makespan: 1715.6399570878727
    Truck 1: 
        [0, 68, 27, 0]
        [0, 32, 24, 51, 100, 0]
    Truck 2: 
        [0, 82, 84, 49, 0]
        [0, 53, 97, 50, 0]
    Truck 3: 
        [0, 48, 73, 60, 93, 9, 96, 26, 33, 36, 42, 44, 77, 88, 22, 47, 25, 0]
    Truck 4: 
        [0, 75, 98, 15, 18, 30, 31, 71, 61, 64, 45, 6, 0]
    Drone 1: 
        [0, 65, 5, 58, 16, 35, 0]
        [0, 69, 40, 29, 0]
        [0, 4, 7, 63, 66, 46, 0]
    Drone 2: 
        [0, 8, 83, 38, 0]
        [0, 37, 81, 0]
        [0, 89, 11, 67, 34, 0]
    Drone 3: 
        [0, 74, 0]
        [0, 99, 3, 0]
        [0, 2, 79, 21, 10, 0]
        [0, 85, 12, 0]
    Drone 4: 
        [0, 28, 78, 0]
        [0, 86, 0]
        [0, 54, 20, 13, 91, 0]
        [0, 52, 0]
Solution 18:
    Served: 78
    Makespan: 1715.6399570878727
    Truck 1: 
        [0, 68, 27, 0]
        [0, 32, 24, 51, 100, 0]
    Truck 2: 
        [0, 82, 84, 49, 0]
        [0, 53, 97, 50, 0]
    Truck 3: 
        [0, 48, 73, 60, 93, 9, 96, 26, 33, 36, 42, 44, 77, 88, 22, 47, 25, 0]
    Truck 4: 
        [0, 75, 98, 15, 18, 30, 31, 71, 61, 64, 45, 6, 0]
    Drone 1: 
        [0, 65, 5, 58, 16, 35, 0]
        [0, 69, 40, 29, 0]
        [0, 4, 7, 63, 46, 66, 0]
    Drone 2: 
        [0, 8, 83, 38, 0]
        [0, 37, 81, 0]
        [0, 89, 11, 67, 34, 0]
    Drone 3: 
        [0, 74, 0]
        [0, 99, 3, 0]
        [0, 2, 79, 21, 10, 0]
        [0, 85, 12, 0]
    Drone 4: 
        [0, 28, 78, 0]
        [0, 86, 0]
        [0, 54, 20, 13, 91, 0]
        [0, 52, 0]
Solution 19:
    Served: 77
    Makespan: 1689.9521591513048
    Truck 1: 
        [0, 82, 84, 49, 0]
        [0, 17, 0]
    Truck 2: 
        [0, 48, 73, 60, 93, 9, 96, 26, 33, 36, 42, 44, 77, 88, 22, 47, 25, 0]
    Truck 3: 
        [0, 98, 15, 30, 18, 31, 71, 61, 64, 45, 6, 0]
    Truck 4: 
        [0, 2, 69, 29, 4, 7, 59, 72, 53, 97, 50, 0]
    Drone 1: 
        [0, 65, 5, 58, 16, 35, 0]
        [0, 86, 0]
        [0, 54, 0]
        [0, 91, 0]
        [0, 87, 52, 0]
    Drone 2: 
        [0, 8, 83, 99, 38, 62, 0]
        [0, 56, 79, 0]
        [0, 11, 67, 34, 90, 0]
    Drone 3: 
        [0, 74, 28, 41, 0]
        [0, 1, 89, 19, 0]
        [0, 85, 100, 0]
    Drone 4: 
        [0, 68, 0]
        [0, 75, 27, 0]
        [0, 81, 40, 10, 20, 0]
        [0, 12, 0]
Solution 20:
    Served: 73
    Makespan: 1688.2567937769654
    Truck 1: 
        [0, 74, 75, 0]
        [0, 2, 69, 29, 4, 7, 59, 72, 53, 97, 50, 0]
    Truck 2: 
        [0, 68, 27, 0]
        [0, 86, 0]
        [0, 24, 51, 100, 0]
    Truck 3: 
        [0, 48, 73, 60, 93, 9, 96, 26, 33, 36, 42, 0]
    Truck 4: 
        [0, 98, 15, 30, 31, 71, 61, 64, 45, 57, 6, 87, 52, 17, 0]
    Drone 1: 
        [0, 65, 28, 78, 41, 0]
        [0, 54, 0]
        [0, 91, 0]
        [0, 22, 47, 25, 0]
    Drone 2: 
        [0, 8, 0]
        [0, 84, 49, 0]
        [0, 89, 77, 0]
    Drone 3: 
        [0, 83, 38, 99, 3, 0]
        [0, 56, 79, 0]
        [0, 11, 67, 34, 12, 0]
    Drone 4: 
        [0, 5, 58, 0]
        [0, 81, 40, 10, 20, 0]
        [0, 85, 0]
        [0, 88, 0]
Solution 21:
    Served: 63
    Makespan: 1684.9436038324102
    Truck 1: 
        [0, 68, 27, 0]
        [0, 24, 51, 0]
    Truck 2: 
        [0, 48, 73, 60, 93, 9, 96, 26, 33, 36, 42, 44, 0]
    Truck 3: 
        [0, 75, 0]
        [0, 86, 0]
        [0, 11, 0]
        [0, 53, 97, 50, 0]
    Truck 4: 
        [0, 91, 0]
    Drone 1: 
        [0, 65, 28, 78, 41, 43, 0]
        [0, 32, 1, 0]
        [0, 6, 52, 17, 25, 47, 0]
    Drone 2: 
        [0, 8, 99, 83, 38, 62, 0]
        [0, 71, 0]
        [0, 89, 67, 34, 100, 0]
    Drone 3: 
        [0, 74, 0]
        [0, 98, 0]
        [0, 18, 31, 61, 0]
        [0, 13, 63, 72, 66, 39, 0]
    Drone 4: 
        [0, 5, 58, 0]
        [0, 2, 69, 81, 10, 20, 0]
        [0, 85, 12, 0]
