Pareto Count: 9
Solution 1:
    Served: 39
    Makespan: 9284.070365117168
    Truck 1: 
        [0, 9, 48, 0]
        [0, 81, 39, 2, 0]
        [0, 92, 12, 84, 69, 20, 55, 7, 51, 31, 52, 18, 46, 0]
    Truck 2: 
        [0, 90, 37, 0]
        [0, 65, 62, 0]
        [0, 82, 0]
    Truck 3: 
        [0, 63, 1, 0]
        [0, 26, 53, 0]
        [0, 74, 0]
    Truck 4: 
        [0, 64, 71, 0]
        [0, 33, 83, 0]
    Drone 1: 
        [0, 68, 0]
        [0, 60, 0]
        [0, 94, 13, 0]
        [0, 50, 0]
    Drone 2: 
        [0, 5, 0]
        [0, 24, 0]
        [0, 11, 0]
Solution 2:
    Served: 39
    Makespan: 9284.070365117168
    Truck 1: 
        [0, 9, 48, 0]
        [0, 81, 39, 2, 0]
        [0, 92, 12, 84, 69, 20, 55, 7, 51, 31, 52, 18, 46, 0]
    Truck 2: 
        [0, 90, 37, 0]
        [0, 65, 62, 0]
        [0, 82, 0]
    Truck 3: 
        [0, 63, 66, 0]
        [0, 26, 53, 0]
        [0, 74, 0]
    Truck 4: 
        [0, 64, 71, 0]
        [0, 33, 83, 0]
    Drone 1: 
        [0, 68, 0]
        [0, 60, 0]
        [0, 94, 13, 0]
        [0, 50, 0]
    Drone 2: 
        [0, 5, 0]
        [0, 24, 0]
        [0, 11, 0]
Solution 3:
    Served: 39
    Makespan: 9284.070365117168
    Truck 1: 
        [0, 9, 48, 0]
        [0, 81, 39, 2, 0]
        [0, 92, 12, 84, 69, 20, 55, 7, 51, 31, 52, 18, 46, 0]
    Truck 2: 
        [0, 90, 37, 0]
        [0, 65, 62, 0]
    Truck 3: 
        [0, 63, 1, 0]
        [0, 26, 53, 0]
        [0, 82, 0]
    Truck 4: 
        [0, 64, 71, 0]
        [0, 33, 83, 0]
    Drone 1: 
        [0, 68, 0]
        [0, 60, 0]
        [0, 94, 13, 0]
        [0, 50, 0]
        [0, 74, 0]
    Drone 2: 
        [0, 5, 0]
        [0, 24, 0]
        [0, 11, 0]
Solution 4:
    Served: 38
    Makespan: 9276.903318514578
    Truck 1: 
        [0, 9, 48, 0]
        [0, 81, 39, 2, 0]
        [0, 92, 12, 84, 69, 20, 55, 7, 51, 31, 18, 46, 0]
    Truck 2: 
        [0, 90, 37, 0]
        [0, 65, 62, 0]
        [0, 82, 0]
    Truck 3: 
        [0, 63, 1, 0]
        [0, 26, 53, 0]
        [0, 74, 0]
    Truck 4: 
        [0, 64, 71, 0]
        [0, 33, 83, 0]
    Drone 1: 
        [0, 68, 0]
        [0, 60, 0]
        [0, 94, 13, 0]
        [0, 50, 0]
    Drone 2: 
        [0, 5, 0]
        [0, 24, 0]
        [0, 11, 0]
Solution 5:
    Served: 37
    Makespan: 9270.844652030724
    Truck 1: 
        [0, 9, 48, 0]
        [0, 81, 39, 2, 0]
        [0, 92, 12, 84, 69, 20, 55, 51, 31, 18, 46, 0]
    Truck 2: 
        [0, 90, 37, 0]
        [0, 65, 62, 0]
        [0, 82, 0]
    Truck 3: 
        [0, 63, 66, 0]
        [0, 26, 53, 0]
        [0, 74, 0]
    Truck 4: 
        [0, 64, 71, 0]
        [0, 33, 83, 0]
    Drone 1: 
        [0, 68, 0]
        [0, 60, 0]
        [0, 94, 13, 0]
        [0, 50, 0]
    Drone 2: 
        [0, 5, 0]
        [0, 24, 0]
        [0, 11, 0]
Solution 6:
    Served: 37
    Makespan: 9270.844652030724
    Truck 1: 
        [0, 9, 48, 0]
        [0, 81, 39, 2, 0]
        [0, 92, 12, 84, 69, 20, 55, 51, 31, 18, 46, 0]
    Truck 2: 
        [0, 90, 37, 0]
        [0, 65, 62, 0]
        [0, 82, 0]
    Truck 3: 
        [0, 63, 1, 0]
        [0, 26, 53, 0]
        [0, 74, 0]
    Truck 4: 
        [0, 64, 71, 0]
        [0, 33, 83, 0]
    Drone 1: 
        [0, 68, 0]
        [0, 60, 0]
        [0, 94, 13, 0]
        [0, 50, 0]
    Drone 2: 
        [0, 5, 0]
        [0, 24, 0]
        [0, 11, 0]
Solution 7:
    Served: 31
    Makespan: 8784.809735320057
    Truck 1: 
        [0, 9, 48, 0]
        [0, 81, 39, 2, 0]
        [0, 26, 53, 0]
    Truck 2: 
        [0, 90, 37, 0]
        [0, 8, 23, 0]
        [0, 33, 83, 0]
    Truck 3: 
        [0, 63, 1, 0]
        [0, 92, 12, 0]
    Truck 4: 
        [0, 64, 71, 0]
        [0, 65, 62, 0]
    Drone 1: 
        [0, 68, 0]
        [0, 60, 0]
        [0, 94, 13, 0]
        [0, 50, 0]
        [0, 74, 0]
    Drone 2: 
        [0, 5, 0]
        [0, 24, 0]
        [0, 11, 0]
        [0, 82, 0]
Solution 8:
    Served: 31
    Makespan: 8784.809735320057
    Truck 1: 
        [0, 9, 48, 0]
        [0, 81, 39, 2, 0]
        [0, 26, 53, 0]
    Truck 2: 
        [0, 90, 37, 0]
        [0, 8, 23, 0]
        [0, 33, 83, 0]
    Truck 3: 
        [0, 63, 66, 0]
        [0, 65, 62, 0]
    Truck 4: 
        [0, 64, 71, 0]
        [0, 92, 12, 0]
    Drone 1: 
        [0, 68, 0]
        [0, 60, 0]
        [0, 94, 13, 0]
        [0, 50, 0]
        [0, 74, 0]
    Drone 2: 
        [0, 5, 0]
        [0, 24, 0]
        [0, 11, 0]
        [0, 82, 0]
Solution 9:
    Served: 31
    Makespan: 8784.809735320057
    Truck 1: 
        [0, 9, 48, 0]
        [0, 81, 39, 2, 0]
        [0, 26, 53, 0]
    Truck 2: 
        [0, 90, 37, 0]
        [0, 8, 23, 0]
        [0, 33, 83, 0]
    Truck 3: 
        [0, 63, 66, 0]
        [0, 92, 12, 0]
    Truck 4: 
        [0, 64, 71, 0]
        [0, 65, 62, 0]
    Drone 1: 
        [0, 68, 0]
        [0, 60, 0]
        [0, 94, 13, 0]
        [0, 50, 0]
        [0, 74, 0]
    Drone 2: 
        [0, 5, 0]
        [0, 24, 0]
        [0, 11, 0]
        [0, 82, 0]
