Pareto Count: 13
Solution 1:
    Served: 85
    Makespan: 1857.1867649228536
    Truck 1: 
        [0, 2, 88, 48, 14, 95, 27, 46, 99, 100, 81, 39, 7, 70, 12, 36, 92, 29, 56, 54, 0]
    Truck 2: 
        [0, 52, 59, 68, 64, 72, 75, 11, 65, 37, 15, 77, 60, 49, 43, 82, 0]
    Truck 3: 
        [0, 93, 96, 90, 23, 84, 69, 67, 98, 31, 61, 35, 76, 25, 26, 32, 57, 0]
        [0, 20, 0]
    Truck 4: 
        [0, 41, 0]
    Drone 1: 
        [0, 10, 47, 0]
        [0, 28, 83, 51, 42, 0]
        [0, 89, 62, 86, 0]
        [0, 5, 0]
    Drone 2: 
        [0, 13, 17, 0]
        [0, 63, 58, 19, 38, 0]
        [0, 53, 0]
        [0, 24, 0]
    Drone 3: 
        [0, 9, 78, 0]
        [0, 4, 0]
        [0, 94, 0]
        [0, 16, 73, 0]
    Drone 4: 
        [0, 87, 30, 40, 91, 0]
        [0, 1, 85, 66, 0]
        [0, 79, 0]
        [0, 3, 0]
Solution 2:
    Served: 85
    Makespan: 1857.1867649228536
    Truck 1: 
        [0, 2, 88, 48, 14, 95, 27, 46, 99, 100, 81, 39, 7, 70, 12, 36, 92, 29, 56, 54, 0]
    Truck 2: 
        [0, 52, 59, 68, 64, 72, 75, 11, 65, 37, 15, 77, 60, 49, 43, 82, 0]
    Truck 3: 
        [0, 93, 96, 90, 23, 84, 69, 67, 98, 31, 61, 35, 76, 25, 26, 32, 57, 0]
        [0, 20, 0]
    Truck 4: 
        [0, 41, 0]
    Drone 1: 
        [0, 10, 47, 0]
        [0, 28, 83, 51, 42, 0]
        [0, 89, 62, 86, 0]
        [0, 5, 0]
    Drone 2: 
        [0, 13, 17, 0]
        [0, 63, 58, 19, 38, 0]
        [0, 53, 0]
        [0, 44, 73, 3, 0]
    Drone 3: 
        [0, 9, 78, 0]
        [0, 4, 0]
        [0, 94, 0]
        [0, 16, 0]
    Drone 4: 
        [0, 87, 30, 40, 91, 0]
        [0, 1, 85, 66, 0]
        [0, 79, 0]
Solution 3:
    Served: 84
    Makespan: 1755.4428006827989
    Truck 1: 
        [0, 2, 88, 48, 14, 95, 27, 46, 99, 100, 81, 39, 7, 70, 12, 36, 92, 29, 56, 54, 0]
    Truck 2: 
        [0, 52, 68, 64, 72, 75, 11, 65, 37, 15, 77, 60, 49, 43, 16, 0]
    Truck 3: 
        [0, 93, 96, 90, 23, 84, 69, 67, 98, 31, 61, 35, 76, 25, 26, 32, 57, 0]
        [0, 20, 0]
    Truck 4: 
        [0, 41, 0]
    Drone 1: 
        [0, 10, 47, 0]
        [0, 28, 83, 51, 42, 0]
        [0, 89, 62, 86, 0]
        [0, 5, 0]
    Drone 2: 
        [0, 13, 17, 0]
        [0, 63, 58, 19, 38, 0]
        [0, 53, 0]
        [0, 79, 24, 0]
    Drone 3: 
        [0, 9, 78, 0]
        [0, 4, 0]
        [0, 94, 0]
        [0, 44, 82, 0]
    Drone 4: 
        [0, 87, 30, 40, 91, 0]
        [0, 1, 85, 66, 0]
        [0, 3, 0]
Solution 4:
    Served: 83
    Makespan: 1728.7285292756944
    Truck 1: 
        [0, 2, 88, 48, 14, 95, 27, 46, 99, 100, 81, 39, 7, 70, 12, 36, 92, 29, 56, 54, 0]
    Truck 2: 
        [0, 52, 59, 90, 23, 84, 69, 67, 31, 61, 35, 76, 25, 26, 32, 57, 24, 0]
    Truck 3: 
        [0, 93, 41, 96, 0]
        [0, 28, 71, 0]
    Truck 4: 
        [0, 34, 9, 17, 78, 22, 33, 45, 6, 8, 55, 0]
    Drone 1: 
        [0, 10, 47, 0]
        [0, 83, 42, 51, 66, 0]
        [0, 44, 73, 3, 0]
    Drone 2: 
        [0, 97, 30, 40, 87, 4, 0]
        [0, 1, 85, 80, 0]
        [0, 79, 89, 5, 86, 0]
        [0, 20, 0]
    Drone 3: 
        [0, 72, 75, 11, 37, 0]
        [0, 53, 16, 18, 0]
    Drone 4: 
        [0, 91, 0]
        [0, 94, 21, 62, 0]
Solution 5:
    Served: 81
    Makespan: 1684.348900004384
    Truck 1: 
        [0, 2, 88, 48, 14, 95, 27, 46, 99, 100, 81, 39, 7, 70, 12, 0]
    Truck 2: 
        [0, 52, 59, 90, 23, 84, 69, 67, 98, 31, 61, 35, 76, 25, 26, 32, 57, 24, 0]
    Truck 3: 
        [0, 93, 41, 96, 0]
        [0, 28, 66, 94, 36, 92, 29, 56, 54, 5, 0]
    Truck 4: 
        [0, 34, 9, 17, 78, 22, 33, 50, 45, 6, 55, 79, 20, 0]
    Drone 1: 
        [0, 10, 47, 0]
        [0, 83, 42, 51, 0]
        [0, 44, 73, 0]
    Drone 2: 
        [0, 87, 30, 40, 0]
        [0, 85, 80, 53, 0]
        [0, 89, 86, 0]
    Drone 3: 
        [0, 72, 75, 11, 37, 0]
        [0, 21, 16, 0]
    Drone 4: 
        [0, 91, 4, 0]
        [0, 1, 8, 0]
        [0, 18, 0]
Solution 6:
    Served: 78
    Makespan: 1641.99516012841
    Truck 1: 
        [0, 2, 88, 48, 14, 95, 27, 46, 99, 100, 81, 39, 7, 70, 12, 36, 92, 29, 56, 54, 0]
    Truck 2: 
        [0, 52, 59, 90, 23, 84, 69, 67, 31, 61, 35, 76, 25, 26, 57, 0]
    Truck 3: 
        [0, 93, 41, 96, 0]
        [0, 28, 71, 0]
    Truck 4: 
        [0, 34, 9, 17, 78, 22, 33, 50, 45, 6, 55, 0]
    Drone 1: 
        [0, 10, 47, 0]
        [0, 83, 42, 51, 8, 94, 0]
        [0, 62, 0]
    Drone 2: 
        [0, 97, 30, 91, 4, 0]
        [0, 1, 85, 80, 53, 0]
        [0, 79, 89, 5, 86, 0]
    Drone 3: 
        [0, 72, 75, 11, 37, 0]
        [0, 49, 73, 0]
    Drone 4: 
        [0, 40, 0]
        [0, 21, 16, 0]
        [0, 20, 0]
Solution 7:
    Served: 71
    Makespan: 1634.7290439155365
    Truck 1: 
        [0, 2, 88, 48, 14, 95, 27, 46, 99, 100, 81, 39, 7, 70, 0]
    Truck 2: 
        [0, 52, 59, 90, 23, 84, 69, 67, 98, 31, 35, 76, 25, 26, 0]
    Truck 3: 
        [0, 93, 41, 96, 0]
        [0, 28, 71, 36, 92, 29, 56, 54, 0]
    Truck 4: 
        [0, 34, 17, 78, 22, 33, 50, 45, 6, 0]
    Drone 1: 
        [0, 10, 47, 0]
        [0, 83, 42, 51, 8, 94, 0]
        [0, 62, 86, 0]
    Drone 2: 
        [0, 30, 40, 0]
        [0, 12, 0]
        [0, 20, 79, 5, 0]
    Drone 3: 
        [0, 72, 75, 11, 37, 0]
        [0, 53, 16, 18, 0]
    Drone 4: 
        [0, 91, 4, 0]
        [0, 85, 80, 32, 0]
Solution 8:
    Served: 70
    Makespan: 1588.8223158252624
    Truck 1: 
        [0, 2, 88, 48, 14, 95, 27, 46, 99, 100, 81, 39, 7, 70, 12, 36, 92, 29, 56, 0]
    Truck 2: 
        [0, 52, 59, 90, 23, 84, 98, 31, 61, 35, 76, 25, 26, 32, 57, 0]
    Truck 3: 
        [0, 93, 96, 0]
        [0, 28, 71, 0]
    Truck 4: 
        [0, 34, 78, 22, 33, 50, 45, 6, 0]
    Drone 1: 
        [0, 10, 47, 0]
        [0, 83, 42, 51, 8, 94, 0]
        [0, 79, 54, 0]
    Drone 2: 
        [0, 30, 40, 0]
        [0, 60, 16, 0]
    Drone 3: 
        [0, 72, 11, 37, 0]
        [0, 53, 0]
        [0, 24, 0]
        [0, 5, 20, 0]
    Drone 4: 
        [0, 91, 4, 0]
        [0, 1, 85, 80, 0]
        [0, 62, 86, 0]
Solution 9:
    Served: 63
    Makespan: 1582.1676967990015
    Truck 1: 
        [0, 2, 88, 48, 14, 95, 27, 46, 99, 100, 81, 39, 7, 70, 12, 36, 0]
    Truck 2: 
        [0, 52, 59, 90, 23, 84, 98, 31, 61, 35, 76, 25, 26, 0]
    Truck 3: 
        [0, 93, 96, 0]
    Truck 4: 
        [0, 34, 17, 78, 22, 33, 50, 45, 6, 0]
    Drone 1: 
        [0, 10, 47, 0]
        [0, 28, 71, 66, 0]
        [0, 89, 29, 92, 0]
    Drone 2: 
        [0, 30, 40, 0]
        [0, 85, 80, 32, 0]
    Drone 3: 
        [0, 72, 75, 11, 37, 0]
        [0, 53, 0]
        [0, 79, 54, 86, 0]
    Drone 4: 
        [0, 91, 4, 0]
        [0, 8, 0]
        [0, 5, 20, 0]
Solution 10:
    Served: 56
    Makespan: 1559.0425010139625
    Truck 1: 
        [0, 2, 88, 48, 14, 95, 27, 46, 99, 100, 81, 39, 7, 70, 0]
    Truck 2: 
        [0, 52, 59, 90, 23, 84, 69, 98, 31, 61, 35, 76, 0]
    Truck 3: 
        [0, 93, 41, 96, 0]
    Truck 4: 
        [0, 34, 17, 78, 0]
    Drone 1: 
        [0, 10, 47, 0]
        [0, 71, 94, 0]
        [0, 44, 0]
    Drone 2: 
        [0, 22, 33, 50, 0]
        [0, 25, 32, 0]
        [0, 5, 20, 0]
    Drone 3: 
        [0, 30, 40, 0]
        [0, 66, 0]
        [0, 89, 29, 92, 0]
    Drone 4: 
        [0, 72, 75, 11, 37, 0]
        [0, 53, 0]
        [0, 79, 54, 86, 0]
Solution 11:
    Served: 44
    Makespan: 1547.1270828456722
    Truck 1: 
        [0, 93, 41, 0]
        [0, 28, 0]
    Truck 2: 
        [0, 68, 64, 0]
    Drone 1: 
        [0, 2, 88, 0]
        [0, 87, 23, 67, 98, 0]
        [0, 66, 94, 21, 0]
    Drone 2: 
        [0, 52, 59, 0]
        [0, 48, 14, 95, 63, 0]
        [0, 1, 85, 80, 0]
        [0, 53, 24, 0]
    Drone 3: 
        [0, 34, 9, 13, 0]
        [0, 33, 50, 0]
        [0, 25, 32, 0]
        [0, 5, 20, 0]
    Drone 4: 
        [0, 96, 10, 90, 0]
        [0, 75, 11, 37, 0]
        [0, 89, 56, 29, 92, 0]
Solution 12:
    Served: 43
    Makespan: 1546.4604499625445
    Truck 1: 
        [0, 93, 41, 0]
        [0, 28, 0]
    Truck 2: 
        [0, 68, 64, 0]
    Drone 1: 
        [0, 2, 88, 0]
        [0, 87, 23, 67, 98, 0]
        [0, 66, 94, 21, 0]
    Drone 2: 
        [0, 52, 59, 0]
        [0, 48, 14, 95, 63, 0]
        [0, 1, 85, 80, 0]
        [0, 24, 0]
        [0, 20, 0]
    Drone 3: 
        [0, 34, 9, 13, 0]
        [0, 33, 50, 0]
        [0, 25, 32, 0]
        [0, 5, 0]
    Drone 4: 
        [0, 96, 10, 90, 0]
        [0, 75, 11, 37, 0]
        [0, 53, 79, 56, 29, 0]
Solution 13:
    Served: 42
    Makespan: 1534.1283396326846
    Truck 1: 
        [0, 93, 41, 0]
        [0, 28, 0]
    Truck 2: 
        [0, 68, 64, 0]
    Drone 1: 
        [0, 2, 88, 0]
        [0, 87, 23, 67, 98, 0]
        [0, 66, 94, 21, 0]
    Drone 2: 
        [0, 52, 59, 0]
        [0, 48, 14, 95, 63, 0]
        [0, 71, 0]
        [0, 89, 5, 20, 0]
    Drone 3: 
        [0, 34, 9, 13, 0]
        [0, 33, 50, 0]
        [0, 25, 26, 0]
    Drone 4: 
        [0, 96, 10, 90, 0]
        [0, 91, 4, 0]
        [0, 1, 85, 80, 0]
        [0, 53, 79, 54, 0]
