Pareto Count: 7
Solution 1:
    Served: 39
    Makespan: 15249.189741876762
    Truck 1: 
        [0, 91, 37, 0]
        [0, 70, 78, 0]
        [0, 6, 75, 0]
    Truck 2: 
        [0, 77, 17, 0]
        [0, 73, 24, 0]
        [0, 54, 10, 29, 50, 15, 46, 93, 0]
    Truck 3: 
        [0, 52, 88, 0]
        [0, 69, 20, 0]
        [0, 32, 58, 0]
    Truck 4: 
        [0, 47, 51, 0]
        [0, 25, 59, 0]
    Drone 1: 
        [0, 43, 0]
        [0, 49, 57, 0]
        [0, 71, 0]
        [0, 19, 0]
    Drone 2: 
        [0, 100, 74, 0]
        [0, 5, 12, 0]
    Drone 3: 
        [0, 11, 84, 0]
    Drone 4: 
        [0, 85, 0]
Solution 2:
    Served: 39
    Makespan: 15249.189741876762
    Truck 1: 
        [0, 91, 37, 0]
        [0, 70, 78, 0]
        [0, 6, 75, 0]
        [0, 19, 0]
    Truck 2: 
        [0, 77, 17, 0]
        [0, 73, 24, 0]
        [0, 54, 10, 29, 50, 15, 46, 93, 0]
    Truck 3: 
        [0, 52, 88, 0]
        [0, 69, 20, 0]
        [0, 32, 58, 0]
    Truck 4: 
        [0, 47, 51, 0]
        [0, 25, 59, 0]
    Drone 1: 
        [0, 43, 0]
        [0, 49, 57, 0]
        [0, 71, 0]
    Drone 2: 
        [0, 100, 74, 0]
        [0, 5, 12, 0]
    Drone 3: 
        [0, 11, 84, 0]
    Drone 4: 
        [0, 85, 0]
Solution 3:
    Served: 39
    Makespan: 15249.189741876762
    Truck 1: 
        [0, 91, 37, 0]
        [0, 70, 78, 0]
        [0, 6, 75, 0]
        [0, 19, 0]
    Truck 2: 
        [0, 77, 17, 0]
        [0, 73, 24, 0]
        [0, 54, 10, 29, 50, 15, 46, 93, 0]
    Truck 3: 
        [0, 52, 88, 0]
        [0, 69, 20, 0]
        [0, 32, 58, 0]
    Truck 4: 
        [0, 47, 51, 0]
        [0, 25, 59, 0]
    Drone 1: 
        [0, 43, 0]
        [0, 49, 57, 0]
        [0, 71, 0]
    Drone 2: 
        [0, 100, 74, 0]
        [0, 5, 0]
    Drone 3: 
        [0, 11, 84, 0]
        [0, 12, 0]
    Drone 4: 
        [0, 85, 0]
Solution 4:
    Served: 39
    Makespan: 15249.189741876762
    Truck 1: 
        [0, 91, 37, 0]
        [0, 70, 78, 0]
        [0, 6, 75, 0]
    Truck 2: 
        [0, 77, 17, 0]
        [0, 73, 24, 0]
        [0, 54, 10, 29, 50, 15, 46, 93, 0]
    Truck 3: 
        [0, 52, 88, 0]
        [0, 69, 20, 0]
        [0, 32, 58, 0]
    Truck 4: 
        [0, 47, 51, 0]
        [0, 25, 59, 0]
    Drone 1: 
        [0, 43, 0]
        [0, 49, 57, 0]
        [0, 71, 0]
        [0, 19, 0]
    Drone 2: 
        [0, 100, 74, 0]
        [0, 5, 0]
    Drone 3: 
        [0, 11, 84, 0]
        [0, 12, 0]
    Drone 4: 
        [0, 85, 0]
Solution 5:
    Served: 39
    Makespan: 15249.189741876762
    Truck 1: 
        [0, 91, 37, 0]
        [0, 70, 78, 0]
        [0, 6, 75, 0]
    Truck 2: 
        [0, 77, 17, 0]
        [0, 73, 24, 0]
        [0, 54, 10, 29, 50, 15, 46, 93, 0]
    Truck 3: 
        [0, 52, 88, 0]
        [0, 69, 20, 0]
        [0, 32, 58, 0]
    Truck 4: 
        [0, 47, 51, 0]
        [0, 25, 59, 0]
    Drone 1: 
        [0, 43, 85, 0]
        [0, 5, 0]
        [0, 71, 0]
        [0, 19, 0]
    Drone 2: 
        [0, 100, 0]
        [0, 49, 57, 0]
    Drone 3: 
        [0, 11, 84, 0]
        [0, 12, 0]
    Drone 4: 
        [0, 74, 0]
Solution 6:
    Served: 39
    Makespan: 15249.189741876762
    Truck 1: 
        [0, 91, 37, 0]
        [0, 70, 78, 0]
        [0, 6, 75, 0]
        [0, 19, 0]
    Truck 2: 
        [0, 77, 17, 0]
        [0, 73, 24, 0]
        [0, 54, 10, 29, 50, 15, 46, 93, 0]
    Truck 3: 
        [0, 52, 88, 0]
        [0, 69, 20, 0]
        [0, 32, 58, 0]
    Truck 4: 
        [0, 47, 51, 0]
        [0, 25, 59, 0]
    Drone 1: 
        [0, 43, 85, 0]
        [0, 5, 0]
        [0, 71, 0]
    Drone 2: 
        [0, 100, 0]
        [0, 49, 57, 0]
    Drone 3: 
        [0, 11, 84, 0]
        [0, 12, 0]
    Drone 4: 
        [0, 74, 0]
Solution 7:
    Served: 36
    Makespan: 15066.421198760774
    Truck 1: 
        [0, 91, 37, 0]
        [0, 70, 78, 0]
        [0, 6, 75, 0]
    Truck 2: 
        [0, 77, 17, 0]
        [0, 73, 61, 0]
        [0, 54, 10, 0]
    Truck 3: 
        [0, 52, 88, 0]
        [0, 69, 20, 0]
        [0, 32, 58, 0]
    Truck 4: 
        [0, 47, 51, 0]
        [0, 24, 48, 0]
        [0, 25, 59, 0]
    Drone 1: 
        [0, 43, 0]
        [0, 49, 57, 0]
        [0, 71, 0]
        [0, 19, 0]
    Drone 2: 
        [0, 100, 74, 0]
        [0, 5, 12, 0]
    Drone 3: 
        [0, 11, 84, 0]
    Drone 4: 
        [0, 85, 0]
