Pareto Count: 6
Solution 1:
    Served: 56
    Makespan: 5290.608104498201
    Truck 1: 
        [0, 11, 4, 0]
        [0, 99, 74, 0]
        [0, 9, 80, 0]
    Truck 2: 
        [0, 29, 76, 45, 56, 0]
        [0, 3, 21, 87, 8, 93, 62, 40, 82, 89, 6, 46, 39, 17, 2, 7, 66, 35, 54, 96, 37, 31, 61, 0]
    Truck 3: 
        [0, 52, 0]
        [0, 95, 0]
        [0, 36, 0]
    Truck 4: 
        [0, 48, 55, 0]
    Drone 1: 
        [0, 63, 0]
        [0, 25, 22, 0]
    Drone 2: 
        [0, 38, 0]
        [0, 49, 0]
    Drone 3: 
        [0, 33, 0]
        [0, 44, 0]
    Drone 4: 
        [0, 34, 0]
        [0, 41, 42, 0]
        [0, 94, 79, 20, 0]
        [0, 72, 0]
        [0, 19, 0]
        [0, 86, 69, 50, 0]
        [0, 23, 0]
Solution 2:
    Served: 56
    Makespan: 5290.608104498201
    Truck 1: 
        [0, 11, 4, 0]
        [0, 99, 74, 0]
        [0, 9, 80, 0]
    Truck 2: 
        [0, 29, 76, 45, 56, 0]
        [0, 3, 21, 87, 8, 93, 62, 40, 82, 89, 6, 46, 39, 17, 2, 7, 66, 35, 54, 96, 37, 31, 61, 0]
    Truck 3: 
        [0, 52, 0]
        [0, 36, 0]
    Truck 4: 
        [0, 48, 55, 0]
    Drone 1: 
        [0, 63, 0]
        [0, 25, 22, 0]
        [0, 79, 0]
    Drone 2: 
        [0, 38, 0]
        [0, 49, 0]
    Drone 3: 
        [0, 33, 0]
        [0, 44, 0]
    Drone 4: 
        [0, 34, 0]
        [0, 41, 42, 0]
        [0, 95, 94, 20, 0]
        [0, 72, 0]
        [0, 19, 0]
        [0, 86, 69, 50, 0]
        [0, 23, 0]
Solution 3:
    Served: 55
    Makespan: 5288.159631046676
    Truck 1: 
        [0, 11, 4, 0]
        [0, 99, 74, 0]
        [0, 9, 80, 0]
    Truck 2: 
        [0, 29, 76, 45, 56, 0]
        [0, 3, 21, 87, 8, 93, 62, 40, 82, 89, 6, 46, 39, 17, 7, 66, 35, 54, 96, 37, 31, 61, 0]
    Truck 3: 
        [0, 52, 0]
        [0, 95, 0]
        [0, 36, 0]
    Truck 4: 
        [0, 48, 55, 0]
    Drone 1: 
        [0, 63, 0]
        [0, 25, 22, 0]
    Drone 2: 
        [0, 38, 0]
        [0, 49, 0]
    Drone 3: 
        [0, 33, 0]
        [0, 44, 0]
    Drone 4: 
        [0, 34, 0]
        [0, 41, 42, 0]
        [0, 94, 79, 20, 0]
        [0, 72, 0]
        [0, 19, 0]
        [0, 86, 69, 50, 0]
        [0, 23, 0]
Solution 4:
    Served: 54
    Makespan: 5285.59871308036
    Truck 1: 
        [0, 11, 4, 0]
        [0, 99, 74, 0]
        [0, 9, 80, 0]
    Truck 2: 
        [0, 29, 76, 56, 0]
        [0, 3, 21, 87, 8, 93, 62, 40, 82, 89, 46, 6, 39, 17, 2, 66, 35, 54, 96, 37, 31, 61, 0]
    Truck 3: 
        [0, 52, 0]
        [0, 95, 0]
        [0, 36, 0]
    Truck 4: 
        [0, 48, 55, 0]
    Drone 1: 
        [0, 63, 0]
        [0, 25, 22, 0]
    Drone 2: 
        [0, 38, 0]
        [0, 49, 0]
    Drone 3: 
        [0, 33, 0]
        [0, 44, 0]
    Drone 4: 
        [0, 34, 0]
        [0, 41, 42, 0]
        [0, 94, 79, 20, 0]
        [0, 72, 0]
        [0, 19, 0]
        [0, 86, 69, 50, 0]
        [0, 23, 0]
Solution 5:
    Served: 54
    Makespan: 5285.59871308036
    Truck 1: 
        [0, 11, 4, 0]
        [0, 99, 74, 0]
        [0, 9, 0]
    Truck 2: 
        [0, 29, 76, 56, 0]
        [0, 3, 21, 87, 8, 93, 62, 40, 82, 89, 46, 6, 39, 17, 2, 66, 35, 54, 96, 37, 31, 61, 0]
    Truck 3: 
        [0, 52, 0]
        [0, 95, 0]
        [0, 80, 36, 0]
    Truck 4: 
        [0, 73, 18, 0]
    Drone 1: 
        [0, 63, 0]
        [0, 25, 22, 0]
    Drone 2: 
        [0, 38, 0]
        [0, 49, 0]
    Drone 3: 
        [0, 33, 0]
        [0, 44, 0]
    Drone 4: 
        [0, 34, 0]
        [0, 41, 42, 0]
        [0, 94, 79, 20, 0]
        [0, 72, 0]
        [0, 19, 0]
        [0, 86, 69, 50, 0]
        [0, 23, 0]
Solution 6:
    Served: 48
    Makespan: 5037.51233455482
    Truck 1: 
        [0, 11, 4, 0]
        [0, 99, 74, 0]
        [0, 9, 80, 0]
    Truck 2: 
        [0, 29, 76, 45, 56, 0]
        [0, 3, 21, 87, 8, 93, 62, 40, 82, 89, 6, 46, 39, 7, 66, 0]
    Truck 3: 
        [0, 52, 0]
        [0, 95, 0]
        [0, 36, 0]
    Truck 4: 
        [0, 48, 55, 0]
    Drone 1: 
        [0, 63, 0]
        [0, 25, 22, 0]
    Drone 2: 
        [0, 38, 0]
        [0, 49, 0]
    Drone 3: 
        [0, 33, 0]
        [0, 44, 0]
    Drone 4: 
        [0, 34, 0]
        [0, 41, 42, 0]
        [0, 94, 79, 20, 0]
        [0, 72, 0]
        [0, 19, 0]
        [0, 86, 69, 50, 0]
        [0, 23, 0]
