Pareto Count: 15
Solution 1:
    Served: 60
    Makespan: 4568.036688507231
    Truck 1: 
        [0, 98, 51, 0]
        [0, 28, 0]
    Truck 2: 
        [0, 96, 57, 0]
        [0, 6, 0]
    Truck 3: 
        [0, 63, 44, 0]
        [0, 10, 0]
    Truck 4: 
        [0, 64, 36, 27, 94, 35, 3, 80, 69, 53, 55, 100, 54, 43, 21, 46, 9, 23, 92, 62, 0]
    Drone 1: 
        [0, 7, 0]
        [0, 75, 0]
        [0, 86, 0]
        [0, 52, 0]
        [0, 60, 0]
        [0, 34, 0]
        [0, 97, 0]
    Drone 2: 
        [0, 48, 0]
        [0, 39, 0]
        [0, 67, 8, 0]
        [0, 78, 0]
        [0, 42, 0]
        [0, 38, 4, 0]
        [0, 45, 0]
    Drone 3: 
        [0, 93, 0]
        [0, 88, 0]
        [0, 83, 0]
        [0, 99, 95, 0]
        [0, 13, 30, 0]
        [0, 5, 0]
    Drone 4: 
        [0, 90, 0]
        [0, 56, 91, 41, 0]
        [0, 66, 0]
        [0, 29, 59, 0]
        [0, 15, 0]
Solution 2:
    Served: 60
    Makespan: 4568.036688507231
    Truck 1: 
        [0, 98, 51, 0]
        [0, 28, 0]
    Truck 2: 
        [0, 96, 20, 0]
        [0, 6, 0]
    Truck 3: 
        [0, 63, 44, 0]
        [0, 10, 0]
    Truck 4: 
        [0, 64, 36, 27, 94, 35, 3, 80, 69, 53, 55, 100, 54, 43, 21, 46, 9, 23, 92, 62, 0]
    Drone 1: 
        [0, 7, 0]
        [0, 75, 0]
        [0, 86, 0]
        [0, 52, 0]
        [0, 60, 0]
        [0, 34, 0]
        [0, 97, 0]
    Drone 2: 
        [0, 48, 0]
        [0, 39, 0]
        [0, 67, 8, 0]
        [0, 78, 0]
        [0, 42, 0]
        [0, 38, 4, 0]
        [0, 45, 0]
    Drone 3: 
        [0, 93, 0]
        [0, 88, 0]
        [0, 83, 0]
        [0, 99, 95, 0]
        [0, 13, 30, 0]
        [0, 5, 0]
    Drone 4: 
        [0, 90, 0]
        [0, 56, 91, 41, 0]
        [0, 66, 0]
        [0, 29, 59, 0]
        [0, 15, 0]
Solution 3:
    Served: 60
    Makespan: 4568.036688507231
    Truck 1: 
        [0, 98, 51, 0]
        [0, 6, 0]
    Truck 2: 
        [0, 96, 57, 0]
        [0, 28, 0]
    Truck 3: 
        [0, 63, 44, 0]
        [0, 10, 0]
    Truck 4: 
        [0, 64, 36, 27, 94, 35, 3, 80, 69, 53, 55, 100, 54, 43, 21, 46, 9, 23, 92, 62, 0]
    Drone 1: 
        [0, 7, 0]
        [0, 75, 0]
        [0, 86, 0]
        [0, 52, 0]
        [0, 60, 0]
        [0, 34, 0]
        [0, 97, 0]
    Drone 2: 
        [0, 48, 0]
        [0, 39, 0]
        [0, 67, 8, 0]
        [0, 78, 0]
        [0, 42, 0]
        [0, 38, 4, 0]
        [0, 45, 0]
    Drone 3: 
        [0, 93, 0]
        [0, 88, 0]
        [0, 83, 0]
        [0, 99, 95, 0]
        [0, 13, 30, 0]
        [0, 5, 0]
    Drone 4: 
        [0, 90, 0]
        [0, 56, 91, 41, 0]
        [0, 66, 0]
        [0, 29, 59, 0]
        [0, 15, 0]
Solution 4:
    Served: 60
    Makespan: 4568.036688507231
    Truck 1: 
        [0, 98, 51, 0]
        [0, 6, 0]
    Truck 2: 
        [0, 96, 20, 0]
        [0, 28, 0]
    Truck 3: 
        [0, 63, 44, 0]
        [0, 10, 0]
    Truck 4: 
        [0, 64, 36, 27, 94, 35, 3, 80, 69, 53, 55, 100, 54, 43, 21, 46, 9, 23, 92, 62, 0]
    Drone 1: 
        [0, 7, 0]
        [0, 75, 0]
        [0, 86, 0]
        [0, 52, 0]
        [0, 60, 0]
        [0, 34, 0]
        [0, 97, 0]
    Drone 2: 
        [0, 48, 0]
        [0, 39, 0]
        [0, 67, 8, 0]
        [0, 78, 0]
        [0, 42, 0]
        [0, 38, 4, 0]
        [0, 45, 0]
    Drone 3: 
        [0, 93, 0]
        [0, 88, 0]
        [0, 83, 0]
        [0, 99, 95, 0]
        [0, 13, 30, 0]
        [0, 5, 0]
    Drone 4: 
        [0, 90, 0]
        [0, 56, 91, 41, 0]
        [0, 66, 0]
        [0, 29, 59, 0]
        [0, 15, 0]
Solution 5:
    Served: 60
    Makespan: 4568.036688507231
    Truck 1: 
        [0, 98, 51, 0]
        [0, 28, 0]
    Truck 2: 
        [0, 96, 57, 0]
        [0, 6, 0]
    Truck 3: 
        [0, 63, 44, 0]
        [0, 10, 0]
    Truck 4: 
        [0, 64, 36, 27, 94, 35, 3, 80, 69, 53, 55, 100, 54, 43, 21, 46, 9, 23, 92, 62, 0]
    Drone 1: 
        [0, 7, 0]
        [0, 75, 0]
        [0, 86, 0]
        [0, 52, 0]
        [0, 60, 0]
        [0, 34, 0]
        [0, 97, 0]
    Drone 2: 
        [0, 48, 0]
        [0, 39, 0]
        [0, 67, 8, 0]
        [0, 99, 78, 0]
        [0, 29, 59, 0]
        [0, 5, 0]
        [0, 45, 0]
    Drone 3: 
        [0, 93, 0]
        [0, 88, 0]
        [0, 83, 0]
        [0, 95, 0]
        [0, 42, 0]
        [0, 38, 4, 0]
    Drone 4: 
        [0, 90, 0]
        [0, 56, 91, 41, 0]
        [0, 66, 0]
        [0, 13, 30, 0]
        [0, 15, 0]
Solution 6:
    Served: 60
    Makespan: 4568.036688507231
    Truck 1: 
        [0, 98, 51, 0]
        [0, 28, 0]
    Truck 2: 
        [0, 96, 20, 0]
        [0, 6, 0]
    Truck 3: 
        [0, 63, 44, 0]
        [0, 10, 0]
    Truck 4: 
        [0, 64, 36, 27, 94, 35, 3, 80, 69, 53, 55, 100, 54, 43, 21, 46, 9, 23, 92, 62, 0]
    Drone 1: 
        [0, 7, 0]
        [0, 75, 0]
        [0, 86, 0]
        [0, 52, 0]
        [0, 60, 0]
        [0, 34, 0]
        [0, 97, 0]
    Drone 2: 
        [0, 48, 0]
        [0, 39, 0]
        [0, 67, 8, 0]
        [0, 99, 78, 0]
        [0, 29, 59, 0]
        [0, 5, 0]
        [0, 45, 0]
    Drone 3: 
        [0, 93, 0]
        [0, 88, 0]
        [0, 83, 0]
        [0, 95, 0]
        [0, 42, 0]
        [0, 38, 4, 0]
    Drone 4: 
        [0, 90, 0]
        [0, 56, 91, 41, 0]
        [0, 66, 0]
        [0, 13, 30, 0]
        [0, 15, 0]
Solution 7:
    Served: 60
    Makespan: 4568.036688507231
    Truck 1: 
        [0, 98, 51, 0]
        [0, 6, 0]
    Truck 2: 
        [0, 96, 57, 0]
        [0, 10, 0]
    Truck 3: 
        [0, 63, 44, 0]
        [0, 28, 0]
    Truck 4: 
        [0, 64, 36, 27, 94, 35, 3, 80, 69, 53, 55, 100, 54, 43, 21, 46, 9, 23, 92, 62, 0]
    Drone 1: 
        [0, 7, 0]
        [0, 75, 0]
        [0, 86, 0]
        [0, 52, 0]
        [0, 60, 0]
        [0, 34, 0]
        [0, 97, 0]
    Drone 2: 
        [0, 48, 0]
        [0, 39, 0]
        [0, 67, 8, 0]
        [0, 78, 0]
        [0, 42, 0]
        [0, 38, 4, 0]
        [0, 45, 0]
    Drone 3: 
        [0, 93, 0]
        [0, 88, 0]
        [0, 83, 0]
        [0, 99, 95, 0]
        [0, 13, 30, 0]
        [0, 5, 0]
    Drone 4: 
        [0, 90, 0]
        [0, 56, 91, 41, 0]
        [0, 66, 0]
        [0, 29, 59, 0]
        [0, 15, 0]
Solution 8:
    Served: 60
    Makespan: 4568.036688507231
    Truck 1: 
        [0, 98, 51, 0]
        [0, 6, 0]
    Truck 2: 
        [0, 96, 20, 0]
        [0, 10, 0]
    Truck 3: 
        [0, 63, 44, 0]
        [0, 28, 0]
    Truck 4: 
        [0, 64, 36, 27, 94, 35, 3, 80, 69, 53, 55, 100, 54, 43, 21, 46, 9, 23, 92, 62, 0]
    Drone 1: 
        [0, 7, 0]
        [0, 75, 0]
        [0, 86, 0]
        [0, 52, 0]
        [0, 60, 0]
        [0, 34, 0]
        [0, 97, 0]
    Drone 2: 
        [0, 48, 0]
        [0, 39, 0]
        [0, 67, 8, 0]
        [0, 78, 0]
        [0, 42, 0]
        [0, 38, 4, 0]
        [0, 45, 0]
    Drone 3: 
        [0, 93, 0]
        [0, 88, 0]
        [0, 83, 0]
        [0, 99, 95, 0]
        [0, 13, 30, 0]
        [0, 5, 0]
    Drone 4: 
        [0, 90, 0]
        [0, 56, 91, 41, 0]
        [0, 66, 0]
        [0, 29, 59, 0]
        [0, 15, 0]
Solution 9:
    Served: 60
    Makespan: 4568.036688507231
    Truck 1: 
        [0, 98, 51, 0]
        [0, 28, 0]
    Truck 2: 
        [0, 96, 20, 0]
        [0, 6, 0]
    Truck 3: 
        [0, 63, 44, 0]
        [0, 10, 0]
    Truck 4: 
        [0, 64, 36, 27, 94, 35, 3, 80, 69, 53, 55, 100, 54, 43, 21, 46, 9, 23, 92, 62, 0]
    Drone 1: 
        [0, 7, 0]
        [0, 75, 0]
        [0, 86, 0]
        [0, 52, 0]
        [0, 60, 0]
        [0, 34, 0]
        [0, 97, 0]
    Drone 2: 
        [0, 48, 0]
        [0, 39, 0]
        [0, 41, 67, 0]
        [0, 78, 0]
        [0, 13, 30, 0]
        [0, 38, 4, 0]
        [0, 45, 0]
    Drone 3: 
        [0, 93, 0]
        [0, 88, 0]
        [0, 8, 0]
        [0, 83, 0]
        [0, 99, 95, 0]
        [0, 29, 59, 0]
        [0, 5, 0]
    Drone 4: 
        [0, 90, 0]
        [0, 56, 91, 0]
        [0, 66, 0]
        [0, 42, 0]
        [0, 15, 0]
Solution 10:
    Served: 60
    Makespan: 4568.036688507231
    Truck 1: 
        [0, 98, 51, 0]
        [0, 28, 0]
    Truck 2: 
        [0, 96, 57, 0]
        [0, 6, 0]
    Truck 3: 
        [0, 63, 44, 0]
        [0, 10, 0]
    Truck 4: 
        [0, 64, 36, 27, 94, 35, 3, 80, 69, 53, 55, 100, 54, 43, 21, 46, 9, 23, 92, 62, 0]
    Drone 1: 
        [0, 7, 0]
        [0, 75, 0]
        [0, 86, 0]
        [0, 52, 0]
        [0, 60, 0]
        [0, 34, 0]
        [0, 97, 0]
    Drone 2: 
        [0, 48, 0]
        [0, 39, 0]
        [0, 41, 67, 0]
        [0, 78, 0]
        [0, 13, 30, 0]
        [0, 38, 4, 0]
        [0, 45, 0]
    Drone 3: 
        [0, 93, 0]
        [0, 88, 0]
        [0, 8, 0]
        [0, 83, 0]
        [0, 99, 95, 0]
        [0, 29, 59, 0]
        [0, 5, 0]
    Drone 4: 
        [0, 90, 0]
        [0, 56, 91, 0]
        [0, 66, 0]
        [0, 42, 0]
        [0, 15, 0]
Solution 11:
    Served: 60
    Makespan: 4568.036688507231
    Truck 1: 
        [0, 98, 51, 0]
        [0, 28, 0]
    Truck 2: 
        [0, 96, 20, 0]
        [0, 6, 0]
    Truck 3: 
        [0, 63, 44, 0]
        [0, 10, 0]
    Truck 4: 
        [0, 64, 36, 27, 94, 35, 3, 80, 69, 53, 55, 100, 54, 43, 21, 46, 9, 23, 92, 62, 0]
    Drone 1: 
        [0, 7, 0]
        [0, 75, 0]
        [0, 86, 0]
        [0, 52, 0]
        [0, 60, 0]
        [0, 34, 0]
        [0, 97, 0]
    Drone 2: 
        [0, 48, 0]
        [0, 39, 0]
        [0, 67, 41, 0]
        [0, 78, 0]
        [0, 13, 30, 0]
        [0, 38, 4, 0]
        [0, 45, 0]
    Drone 3: 
        [0, 93, 0]
        [0, 88, 0]
        [0, 8, 0]
        [0, 83, 0]
        [0, 99, 95, 0]
        [0, 29, 59, 0]
        [0, 5, 0]
    Drone 4: 
        [0, 90, 0]
        [0, 56, 91, 0]
        [0, 66, 0]
        [0, 42, 0]
        [0, 15, 0]
Solution 12:
    Served: 60
    Makespan: 4568.036688507231
    Truck 1: 
        [0, 98, 51, 0]
        [0, 6, 0]
    Truck 2: 
        [0, 96, 20, 0]
        [0, 28, 0]
    Truck 3: 
        [0, 63, 44, 0]
        [0, 10, 0]
    Truck 4: 
        [0, 64, 36, 27, 94, 35, 3, 80, 69, 53, 55, 100, 54, 43, 21, 46, 9, 23, 92, 62, 0]
    Drone 1: 
        [0, 7, 0]
        [0, 75, 0]
        [0, 86, 0]
        [0, 52, 0]
        [0, 60, 0]
        [0, 34, 0]
        [0, 97, 0]
    Drone 2: 
        [0, 48, 0]
        [0, 39, 0]
        [0, 41, 0]
        [0, 66, 0]
        [0, 13, 30, 0]
        [0, 38, 4, 0]
        [0, 45, 0]
    Drone 3: 
        [0, 93, 0]
        [0, 88, 0]
        [0, 67, 0]
        [0, 78, 0]
        [0, 42, 0]
        [0, 5, 0]
    Drone 4: 
        [0, 90, 0]
        [0, 56, 91, 0]
        [0, 8, 83, 99, 0]
        [0, 95, 0]
        [0, 29, 59, 0]
        [0, 15, 0]
Solution 13:
    Served: 60
    Makespan: 4568.036688507231
    Truck 1: 
        [0, 98, 51, 0]
        [0, 28, 0]
    Truck 2: 
        [0, 96, 57, 0]
        [0, 6, 0]
    Truck 3: 
        [0, 63, 44, 0]
        [0, 10, 0]
    Truck 4: 
        [0, 64, 36, 27, 94, 35, 3, 80, 69, 53, 55, 100, 54, 43, 21, 46, 9, 23, 92, 62, 0]
    Drone 1: 
        [0, 7, 0]
        [0, 75, 0]
        [0, 86, 0]
        [0, 52, 0]
        [0, 60, 0]
        [0, 34, 0]
        [0, 97, 0]
    Drone 2: 
        [0, 48, 0]
        [0, 39, 0]
        [0, 67, 41, 0]
        [0, 78, 0]
        [0, 13, 30, 0]
        [0, 38, 4, 0]
        [0, 45, 0]
    Drone 3: 
        [0, 93, 0]
        [0, 88, 0]
        [0, 8, 0]
        [0, 83, 0]
        [0, 99, 95, 0]
        [0, 29, 59, 0]
        [0, 5, 0]
    Drone 4: 
        [0, 90, 0]
        [0, 56, 91, 0]
        [0, 66, 0]
        [0, 42, 0]
        [0, 15, 0]
Solution 14:
    Served: 60
    Makespan: 4568.036688507231
    Truck 1: 
        [0, 98, 51, 0]
        [0, 5, 0]
        [0, 28, 0]
    Truck 2: 
        [0, 96, 20, 0]
        [0, 6, 0]
    Truck 3: 
        [0, 63, 44, 0]
        [0, 15, 0]
        [0, 10, 0]
    Truck 4: 
        [0, 64, 36, 27, 94, 35, 3, 80, 69, 53, 55, 100, 54, 43, 21, 46, 9, 23, 92, 62, 0]
    Drone 1: 
        [0, 7, 0]
        [0, 75, 0]
        [0, 86, 0]
        [0, 52, 0]
        [0, 60, 0]
        [0, 34, 0]
        [0, 97, 0]
    Drone 2: 
        [0, 48, 0]
        [0, 39, 0]
        [0, 67, 0]
        [0, 66, 0]
        [0, 13, 30, 0]
        [0, 38, 4, 0]
        [0, 45, 0]
    Drone 3: 
        [0, 93, 0]
        [0, 88, 0]
        [0, 8, 0]
        [0, 83, 0]
        [0, 99, 95, 0]
        [0, 29, 59, 0]
    Drone 4: 
        [0, 90, 0]
        [0, 56, 91, 41, 0]
        [0, 78, 0]
        [0, 42, 0]
Solution 15:
    Served: 60
    Makespan: 4568.036688507231
    Truck 1: 
        [0, 98, 51, 0]
        [0, 5, 0]
        [0, 28, 0]
    Truck 2: 
        [0, 96, 57, 0]
        [0, 6, 0]
    Truck 3: 
        [0, 63, 44, 0]
        [0, 15, 0]
        [0, 10, 0]
    Truck 4: 
        [0, 64, 36, 27, 94, 35, 3, 80, 69, 53, 55, 100, 54, 43, 21, 46, 9, 23, 92, 62, 0]
    Drone 1: 
        [0, 7, 0]
        [0, 75, 0]
        [0, 86, 0]
        [0, 52, 0]
        [0, 60, 0]
        [0, 34, 0]
        [0, 97, 0]
    Drone 2: 
        [0, 48, 0]
        [0, 39, 0]
        [0, 67, 8, 0]
        [0, 78, 0]
        [0, 42, 0]
        [0, 38, 4, 0]
        [0, 45, 0]
    Drone 3: 
        [0, 93, 0]
        [0, 88, 0]
        [0, 83, 0]
        [0, 99, 95, 0]
        [0, 13, 30, 0]
    Drone 4: 
        [0, 90, 0]
        [0, 56, 91, 41, 0]
        [0, 66, 0]
        [0, 29, 59, 0]
