Pareto Count: 8
Solution 1:
    Served: 44
    Makespan: 9131.354912515644
    Truck 1: 
        [0, 10, 41, 61, 45, 0]
        [0, 20, 81, 0]
    Truck 2: 
        [0, 40, 70, 0]
        [0, 12, 0]
        [0, 52, 96, 71, 27, 42, 21, 82, 63, 5, 90, 35, 32, 31, 17, 68, 0]
    Truck 3: 
        [0, 60, 39, 0]
        [0, 33, 88, 0]
    Truck 4: 
        [0, 16, 0]
        [0, 11, 97, 0]
    Drone 1: 
        [0, 92, 77, 0]
        [0, 74, 57, 0]
        [0, 93, 0]
        [0, 2, 0]
        [0, 49, 0]
        [0, 100, 99, 0]
        [0, 54, 0]
        [0, 55, 0]
    Drone 2: 
        [0, 76, 0]
        [0, 14, 0]
Solution 2:
    Served: 44
    Makespan: 9131.354912515644
    Truck 1: 
        [0, 10, 41, 61, 45, 0]
        [0, 20, 81, 0]
    Truck 2: 
        [0, 40, 70, 0]
        [0, 12, 0]
        [0, 52, 96, 71, 27, 42, 21, 82, 63, 5, 90, 35, 32, 31, 17, 68, 0]
    Truck 3: 
        [0, 60, 39, 0]
        [0, 33, 88, 0]
    Truck 4: 
        [0, 11, 97, 0]
    Drone 1: 
        [0, 92, 77, 0]
        [0, 74, 57, 0]
        [0, 93, 0]
        [0, 2, 0]
        [0, 49, 0]
        [0, 100, 99, 0]
        [0, 54, 0]
        [0, 55, 0]
    Drone 2: 
        [0, 76, 0]
        [0, 16, 0]
        [0, 14, 0]
Solution 3:
    Served: 44
    Makespan: 9131.354912515644
    Truck 1: 
        [0, 10, 41, 61, 45, 0]
        [0, 20, 81, 0]
    Truck 2: 
        [0, 40, 70, 0]
        [0, 12, 0]
        [0, 52, 96, 71, 27, 42, 21, 82, 63, 5, 90, 35, 32, 31, 17, 68, 0]
    Truck 3: 
        [0, 60, 39, 0]
        [0, 33, 88, 0]
    Truck 4: 
        [0, 16, 0]
        [0, 2, 0]
        [0, 11, 97, 0]
    Drone 1: 
        [0, 92, 77, 0]
        [0, 74, 57, 0]
        [0, 93, 0]
        [0, 49, 0]
        [0, 100, 99, 0]
        [0, 54, 0]
        [0, 55, 0]
    Drone 2: 
        [0, 76, 0]
        [0, 14, 0]
Solution 4:
    Served: 43
    Makespan: 9046.527326750682
    Truck 1: 
        [0, 10, 41, 61, 45, 0]
        [0, 20, 81, 0]
    Truck 2: 
        [0, 40, 70, 0]
        [0, 12, 0]
        [0, 52, 96, 71, 27, 21, 82, 63, 5, 90, 35, 32, 31, 17, 68, 0]
    Truck 3: 
        [0, 60, 39, 0]
        [0, 33, 88, 0]
    Truck 4: 
        [0, 16, 0]
        [0, 11, 97, 0]
    Drone 1: 
        [0, 92, 77, 0]
        [0, 74, 57, 0]
        [0, 93, 0]
        [0, 2, 0]
        [0, 49, 0]
        [0, 100, 99, 0]
        [0, 54, 0]
        [0, 55, 0]
    Drone 2: 
        [0, 76, 0]
        [0, 14, 0]
Solution 5:
    Served: 43
    Makespan: 9046.527326750682
    Truck 1: 
        [0, 10, 41, 61, 45, 0]
        [0, 20, 81, 0]
    Truck 2: 
        [0, 40, 70, 0]
        [0, 12, 0]
        [0, 52, 96, 71, 27, 21, 82, 63, 5, 90, 35, 32, 31, 17, 68, 0]
    Truck 3: 
        [0, 60, 39, 0]
        [0, 33, 88, 0]
    Truck 4: 
        [0, 11, 97, 0]
    Drone 1: 
        [0, 92, 77, 0]
        [0, 74, 57, 0]
        [0, 93, 0]
        [0, 2, 0]
        [0, 49, 0]
        [0, 100, 99, 0]
        [0, 54, 0]
        [0, 55, 0]
    Drone 2: 
        [0, 76, 0]
        [0, 16, 0]
        [0, 14, 0]
Solution 6:
    Served: 36
    Makespan: 8726.862033421616
    Truck 1: 
        [0, 10, 41, 61, 45, 0]
        [0, 20, 81, 0]
    Truck 2: 
        [0, 40, 70, 73, 4, 85, 18, 89, 0]
        [0, 33, 88, 0]
    Truck 3: 
        [0, 60, 59, 0]
        [0, 12, 0]
        [0, 52, 96, 0]
    Truck 4: 
        [0, 11, 97, 0]
    Drone 1: 
        [0, 92, 77, 0]
        [0, 74, 57, 0]
        [0, 93, 0]
        [0, 2, 0]
        [0, 49, 0]
        [0, 100, 99, 0]
        [0, 54, 0]
        [0, 55, 0]
    Drone 2: 
        [0, 76, 0]
        [0, 16, 0]
        [0, 14, 0]
Solution 7:
    Served: 36
    Makespan: 8726.862033421616
    Truck 1: 
        [0, 10, 41, 61, 45, 0]
        [0, 20, 81, 0]
    Truck 2: 
        [0, 40, 70, 73, 4, 85, 18, 89, 0]
        [0, 33, 88, 0]
    Truck 3: 
        [0, 60, 39, 0]
        [0, 52, 96, 0]
    Truck 4: 
        [0, 12, 0]
        [0, 11, 97, 0]
    Drone 1: 
        [0, 92, 77, 0]
        [0, 74, 57, 0]
        [0, 93, 0]
        [0, 2, 0]
        [0, 49, 0]
        [0, 100, 99, 0]
        [0, 54, 0]
        [0, 55, 0]
    Drone 2: 
        [0, 76, 0]
        [0, 16, 0]
        [0, 14, 0]
Solution 8:
    Served: 36
    Makespan: 8726.862033421616
    Truck 1: 
        [0, 10, 41, 61, 45, 0]
        [0, 52, 96, 0]
    Truck 2: 
        [0, 40, 70, 73, 4, 85, 18, 89, 0]
        [0, 33, 88, 0]
    Truck 3: 
        [0, 60, 59, 0]
        [0, 20, 81, 0]
    Truck 4: 
        [0, 16, 0]
        [0, 12, 0]
        [0, 11, 97, 0]
    Drone 1: 
        [0, 92, 77, 0]
        [0, 74, 57, 0]
        [0, 93, 0]
        [0, 2, 0]
        [0, 49, 0]
        [0, 100, 99, 0]
        [0, 54, 0]
        [0, 55, 0]
    Drone 2: 
        [0, 76, 0]
        [0, 14, 0]
