Pareto Count: 19
Solution 1:
    Served: 34
    Makespan: 4451.334171232111
    Truck 1: 
        [0, 96, 97, 26, 0]
        [0, 1, 21, 78, 0]
    Truck 2: 
        [0, 27, 75, 17, 0]
        [0, 24, 0]
    Truck 3: 
        [0, 11, 33, 0]
        [0, 6, 0]
    Truck 4: 
        [0, 83, 44, 0]
    Drone 1: 
        [0, 52, 0]
        [0, 31, 0]
        [0, 84, 0]
        [0, 40, 0]
        [0, 79, 0]
        [0, 16, 0]
        [0, 10, 53, 0]
    Drone 2: 
        [0, 14, 77, 0]
        [0, 72, 0]
        [0, 67, 60, 0]
        [0, 85, 0]
        [0, 54, 0]
    Drone 3: 
        [0, 61, 0]
        [0, 20, 69, 0]
    Drone 4: 
        [0, 38, 0]
Solution 2:
    Served: 34
    Makespan: 4451.334171232111
    Truck 1: 
        [0, 96, 97, 0]
        [0, 1, 21, 78, 0]
    Truck 2: 
        [0, 27, 75, 0]
    Truck 3: 
        [0, 11, 33, 0]
    Truck 4: 
        [0, 83, 44, 0]
    Drone 1: 
        [0, 52, 0]
        [0, 31, 0]
        [0, 84, 0]
        [0, 40, 0]
        [0, 79, 0]
        [0, 16, 0]
        [0, 10, 53, 0]
    Drone 2: 
        [0, 14, 77, 0]
        [0, 26, 0]
        [0, 20, 0]
        [0, 85, 0]
        [0, 54, 0]
        [0, 24, 6, 0]
    Drone 3: 
        [0, 61, 0]
        [0, 17, 0]
        [0, 67, 0]
    Drone 4: 
        [0, 38, 0]
        [0, 72, 0]
        [0, 69, 60, 0]
Solution 3:
    Served: 34
    Makespan: 4451.334171232111
    Truck 1: 
        [0, 96, 97, 0]
        [0, 1, 21, 78, 0]
    Truck 2: 
        [0, 27, 75, 0]
    Truck 3: 
        [0, 11, 33, 0]
    Truck 4: 
        [0, 83, 44, 0]
    Drone 1: 
        [0, 52, 0]
        [0, 31, 0]
        [0, 84, 0]
        [0, 40, 0]
        [0, 79, 0]
        [0, 16, 0]
        [0, 10, 53, 0]
    Drone 2: 
        [0, 14, 77, 0]
        [0, 26, 0]
        [0, 20, 0]
        [0, 85, 0]
        [0, 54, 0]
        [0, 24, 0]
    Drone 3: 
        [0, 61, 0]
        [0, 17, 0]
        [0, 67, 0]
        [0, 6, 0]
    Drone 4: 
        [0, 38, 0]
        [0, 72, 0]
        [0, 69, 60, 0]
Solution 4:
    Served: 34
    Makespan: 4451.334171232111
    Truck 1: 
        [0, 96, 97, 26, 0]
        [0, 1, 21, 78, 0]
    Truck 2: 
        [0, 27, 75, 17, 0]
    Truck 3: 
        [0, 11, 33, 0]
    Truck 4: 
        [0, 83, 44, 0]
    Drone 1: 
        [0, 52, 0]
        [0, 31, 0]
        [0, 84, 0]
        [0, 40, 0]
        [0, 79, 0]
        [0, 16, 0]
        [0, 10, 53, 0]
    Drone 2: 
        [0, 14, 77, 0]
        [0, 72, 0]
        [0, 67, 60, 0]
        [0, 85, 0]
        [0, 54, 0]
        [0, 24, 0]
    Drone 3: 
        [0, 61, 0]
        [0, 20, 69, 0]
        [0, 6, 0]
    Drone 4: 
        [0, 38, 0]
Solution 5:
    Served: 34
    Makespan: 4451.334171232111
    Truck 1: 
        [0, 96, 97, 26, 0]
        [0, 1, 21, 78, 0]
    Truck 2: 
        [0, 27, 75, 17, 0]
        [0, 24, 0]
    Truck 3: 
        [0, 11, 33, 0]
    Truck 4: 
        [0, 83, 44, 0]
    Drone 1: 
        [0, 52, 0]
        [0, 31, 0]
        [0, 84, 0]
        [0, 40, 0]
        [0, 79, 0]
        [0, 16, 0]
        [0, 10, 53, 0]
    Drone 2: 
        [0, 14, 77, 0]
        [0, 72, 0]
        [0, 67, 60, 0]
        [0, 85, 0]
        [0, 54, 0]
        [0, 6, 0]
    Drone 3: 
        [0, 61, 0]
        [0, 20, 69, 0]
    Drone 4: 
        [0, 38, 0]
Solution 6:
    Served: 34
    Makespan: 4451.334171232111
    Truck 1: 
        [0, 96, 97, 26, 0]
        [0, 1, 21, 78, 0]
    Truck 2: 
        [0, 27, 75, 17, 0]
        [0, 24, 0]
    Truck 3: 
        [0, 11, 33, 0]
        [0, 6, 0]
    Truck 4: 
        [0, 83, 44, 0]
    Drone 1: 
        [0, 52, 0]
        [0, 31, 0]
        [0, 40, 0]
        [0, 79, 0]
        [0, 16, 0]
        [0, 10, 53, 0]
    Drone 2: 
        [0, 14, 77, 0]
        [0, 72, 84, 0]
        [0, 67, 0]
        [0, 85, 0]
        [0, 54, 0]
    Drone 3: 
        [0, 61, 0]
        [0, 20, 0]
    Drone 4: 
        [0, 38, 0]
        [0, 69, 60, 0]
Solution 7:
    Served: 34
    Makespan: 4451.334171232111
    Truck 1: 
        [0, 96, 97, 0]
        [0, 1, 21, 78, 0]
    Truck 2: 
        [0, 27, 75, 0]
        [0, 24, 6, 0]
    Truck 3: 
        [0, 11, 33, 0]
    Truck 4: 
        [0, 83, 44, 0]
    Drone 1: 
        [0, 52, 0]
        [0, 31, 0]
        [0, 84, 0]
        [0, 40, 0]
        [0, 79, 0]
        [0, 16, 0]
        [0, 10, 53, 0]
    Drone 2: 
        [0, 14, 77, 0]
        [0, 26, 0]
        [0, 20, 0]
        [0, 85, 0]
        [0, 54, 0]
    Drone 3: 
        [0, 61, 0]
        [0, 17, 0]
        [0, 67, 0]
    Drone 4: 
        [0, 38, 0]
        [0, 72, 0]
        [0, 69, 60, 0]
Solution 8:
    Served: 34
    Makespan: 4451.334171232111
    Truck 1: 
        [0, 96, 97, 0]
        [0, 1, 21, 78, 0]
    Truck 2: 
        [0, 27, 75, 0]
        [0, 24, 0]
    Truck 3: 
        [0, 11, 33, 0]
    Truck 4: 
        [0, 83, 44, 0]
    Drone 1: 
        [0, 52, 0]
        [0, 31, 0]
        [0, 84, 0]
        [0, 40, 0]
        [0, 79, 0]
        [0, 16, 0]
        [0, 10, 53, 0]
    Drone 2: 
        [0, 14, 77, 0]
        [0, 26, 0]
        [0, 20, 0]
        [0, 85, 0]
        [0, 54, 0]
        [0, 6, 0]
    Drone 3: 
        [0, 61, 0]
        [0, 17, 0]
        [0, 67, 0]
    Drone 4: 
        [0, 38, 0]
        [0, 72, 0]
        [0, 69, 60, 0]
Solution 9:
    Served: 34
    Makespan: 4451.334171232111
    Truck 1: 
        [0, 96, 97, 0]
        [0, 1, 21, 78, 0]
    Truck 2: 
        [0, 27, 75, 0]
    Truck 3: 
        [0, 11, 33, 0]
    Truck 4: 
        [0, 83, 44, 0]
    Drone 1: 
        [0, 52, 0]
        [0, 31, 0]
        [0, 84, 0]
        [0, 40, 0]
        [0, 79, 0]
        [0, 16, 0]
        [0, 10, 53, 0]
    Drone 2: 
        [0, 14, 77, 0]
        [0, 26, 0]
        [0, 20, 69, 0]
        [0, 85, 0]
        [0, 54, 0]
        [0, 24, 6, 0]
    Drone 3: 
        [0, 61, 0]
        [0, 17, 0]
        [0, 67, 60, 0]
    Drone 4: 
        [0, 38, 0]
        [0, 72, 0]
Solution 10:
    Served: 34
    Makespan: 4451.334171232111
    Truck 1: 
        [0, 96, 97, 0]
        [0, 1, 21, 78, 0]
    Truck 2: 
        [0, 27, 75, 0]
        [0, 24, 0]
    Truck 3: 
        [0, 11, 33, 0]
        [0, 6, 0]
    Truck 4: 
        [0, 83, 44, 0]
    Drone 1: 
        [0, 52, 0]
        [0, 31, 0]
        [0, 84, 0]
        [0, 40, 0]
        [0, 79, 0]
        [0, 16, 0]
        [0, 10, 53, 0]
    Drone 2: 
        [0, 14, 77, 0]
        [0, 26, 0]
        [0, 20, 0]
        [0, 85, 0]
        [0, 54, 0]
    Drone 3: 
        [0, 61, 0]
        [0, 17, 0]
        [0, 67, 0]
    Drone 4: 
        [0, 38, 0]
        [0, 72, 0]
        [0, 69, 60, 0]
Solution 11:
    Served: 34
    Makespan: 4451.334171232111
    Truck 1: 
        [0, 96, 97, 26, 0]
        [0, 1, 21, 78, 0]
    Truck 2: 
        [0, 27, 75, 17, 0]
    Truck 3: 
        [0, 11, 33, 0]
    Truck 4: 
        [0, 83, 44, 0]
    Drone 1: 
        [0, 52, 0]
        [0, 31, 0]
        [0, 40, 0]
        [0, 79, 0]
        [0, 16, 0]
        [0, 10, 53, 0]
    Drone 2: 
        [0, 14, 77, 0]
        [0, 72, 84, 0]
        [0, 67, 0]
        [0, 85, 0]
        [0, 54, 0]
        [0, 24, 6, 0]
    Drone 3: 
        [0, 61, 0]
        [0, 20, 0]
    Drone 4: 
        [0, 38, 0]
        [0, 69, 60, 0]
Solution 12:
    Served: 34
    Makespan: 4451.334171232111
    Truck 1: 
        [0, 96, 97, 0]
        [0, 1, 21, 78, 0]
    Truck 2: 
        [0, 27, 75, 0]
    Truck 3: 
        [0, 11, 33, 0]
    Truck 4: 
        [0, 83, 44, 0]
    Drone 1: 
        [0, 52, 0]
        [0, 31, 0]
        [0, 84, 0]
        [0, 40, 0]
        [0, 79, 0]
        [0, 16, 0]
        [0, 10, 53, 0]
    Drone 2: 
        [0, 14, 77, 0]
        [0, 26, 0]
        [0, 20, 69, 0]
        [0, 85, 0]
        [0, 54, 0]
        [0, 24, 0]
    Drone 3: 
        [0, 61, 0]
        [0, 17, 0]
        [0, 67, 60, 0]
        [0, 6, 0]
    Drone 4: 
        [0, 38, 0]
        [0, 72, 0]
Solution 13:
    Served: 34
    Makespan: 4451.334171232111
    Truck 1: 
        [0, 96, 97, 26, 0]
        [0, 1, 21, 78, 0]
    Truck 2: 
        [0, 27, 75, 17, 0]
        [0, 24, 6, 0]
    Truck 3: 
        [0, 11, 33, 0]
    Truck 4: 
        [0, 83, 44, 0]
    Drone 1: 
        [0, 52, 0]
        [0, 31, 0]
        [0, 84, 0]
        [0, 40, 0]
        [0, 79, 0]
        [0, 16, 0]
        [0, 10, 53, 0]
    Drone 2: 
        [0, 14, 77, 0]
        [0, 72, 0]
        [0, 67, 60, 0]
        [0, 85, 0]
        [0, 54, 0]
    Drone 3: 
        [0, 61, 0]
        [0, 20, 69, 0]
    Drone 4: 
        [0, 38, 0]
Solution 14:
    Served: 33
    Makespan: 4427.441818121829
    Truck 1: 
        [0, 96, 97, 0]
        [0, 1, 21, 6, 0]
    Truck 2: 
        [0, 27, 75, 0]
        [0, 24, 0]
    Truck 3: 
        [0, 11, 33, 0]
    Truck 4: 
        [0, 83, 44, 0]
    Drone 1: 
        [0, 52, 0]
        [0, 31, 0]
        [0, 84, 0]
        [0, 40, 0]
        [0, 79, 0]
        [0, 16, 0]
        [0, 10, 53, 0]
    Drone 2: 
        [0, 14, 77, 0]
        [0, 26, 0]
        [0, 20, 0]
        [0, 85, 0]
        [0, 54, 0]
    Drone 3: 
        [0, 61, 0]
        [0, 17, 0]
        [0, 67, 0]
    Drone 4: 
        [0, 38, 0]
        [0, 72, 0]
        [0, 69, 60, 0]
Solution 15:
    Served: 33
    Makespan: 4427.441818121829
    Truck 1: 
        [0, 96, 97, 26, 0]
        [0, 1, 21, 6, 0]
    Truck 2: 
        [0, 27, 75, 17, 0]
        [0, 24, 0]
    Truck 3: 
        [0, 11, 33, 0]
    Truck 4: 
        [0, 83, 44, 0]
    Drone 1: 
        [0, 52, 0]
        [0, 31, 0]
        [0, 84, 0]
        [0, 40, 0]
        [0, 79, 0]
        [0, 16, 0]
        [0, 10, 53, 0]
    Drone 2: 
        [0, 14, 77, 0]
        [0, 72, 0]
        [0, 67, 60, 0]
        [0, 85, 0]
        [0, 54, 0]
    Drone 3: 
        [0, 61, 0]
        [0, 20, 69, 0]
    Drone 4: 
        [0, 38, 0]
Solution 16:
    Served: 32
    Makespan: 4056.645274191872
    Truck 1: 
        [0, 96, 97, 0]
        [0, 1, 0]
    Truck 2: 
        [0, 27, 75, 0]
    Truck 3: 
        [0, 11, 33, 0]
    Truck 4: 
        [0, 83, 44, 0]
    Drone 1: 
        [0, 52, 0]
        [0, 31, 0]
        [0, 84, 0]
        [0, 40, 0]
        [0, 79, 0]
        [0, 16, 0]
        [0, 10, 53, 0]
    Drone 2: 
        [0, 14, 77, 0]
        [0, 26, 0]
        [0, 20, 0]
        [0, 85, 0]
        [0, 54, 0]
        [0, 24, 0]
    Drone 3: 
        [0, 61, 0]
        [0, 17, 0]
        [0, 67, 0]
        [0, 6, 0]
    Drone 4: 
        [0, 38, 0]
        [0, 72, 0]
        [0, 69, 60, 0]
Solution 17:
    Served: 32
    Makespan: 4056.645274191872
    Truck 1: 
        [0, 96, 97, 26, 0]
        [0, 1, 0]
    Truck 2: 
        [0, 27, 75, 17, 0]
    Truck 3: 
        [0, 11, 33, 0]
    Truck 4: 
        [0, 83, 44, 0]
    Drone 1: 
        [0, 52, 0]
        [0, 31, 0]
        [0, 84, 0]
        [0, 40, 0]
        [0, 79, 0]
        [0, 16, 0]
        [0, 10, 53, 0]
    Drone 2: 
        [0, 14, 77, 0]
        [0, 72, 0]
        [0, 67, 60, 0]
        [0, 85, 0]
        [0, 54, 0]
        [0, 24, 0]
    Drone 3: 
        [0, 61, 0]
        [0, 20, 69, 0]
        [0, 6, 0]
    Drone 4: 
        [0, 38, 0]
Solution 18:
    Served: 32
    Makespan: 4056.645274191872
    Truck 1: 
        [0, 96, 97, 26, 0]
        [0, 1, 0]
    Truck 2: 
        [0, 27, 75, 17, 0]
    Truck 3: 
        [0, 11, 33, 0]
    Truck 4: 
        [0, 83, 44, 0]
    Drone 1: 
        [0, 52, 0]
        [0, 31, 0]
        [0, 40, 0]
        [0, 79, 0]
        [0, 16, 0]
        [0, 10, 53, 0]
    Drone 2: 
        [0, 14, 77, 0]
        [0, 72, 84, 0]
        [0, 67, 0]
        [0, 85, 0]
        [0, 54, 0]
        [0, 24, 0]
    Drone 3: 
        [0, 61, 0]
        [0, 20, 0]
        [0, 6, 0]
    Drone 4: 
        [0, 38, 0]
        [0, 69, 60, 0]
Solution 19:
    Served: 32
    Makespan: 4056.645274191872
    Truck 1: 
        [0, 96, 97, 0]
        [0, 1, 0]
    Truck 2: 
        [0, 27, 75, 0]
    Truck 3: 
        [0, 11, 33, 0]
    Truck 4: 
        [0, 83, 44, 0]
    Drone 1: 
        [0, 52, 0]
        [0, 31, 0]
        [0, 84, 0]
        [0, 40, 0]
        [0, 79, 0]
        [0, 16, 0]
        [0, 10, 53, 0]
    Drone 2: 
        [0, 14, 77, 0]
        [0, 26, 0]
        [0, 20, 69, 0]
        [0, 85, 0]
        [0, 54, 0]
        [0, 24, 0]
    Drone 3: 
        [0, 61, 0]
        [0, 17, 0]
        [0, 67, 60, 0]
        [0, 6, 0]
    Drone 4: 
        [0, 38, 0]
        [0, 72, 0]
