Pareto Count: 10
Solution 1:
    Served: 56
    Makespan: 8826.69661174907
    Truck 1: 
        [0, 5, 68, 56, 32, 11, 29, 40, 0]
        [0, 61, 0]
        [0, 95, 72, 17, 66, 73, 25, 81, 74, 99, 45, 15, 3, 43, 0]
    Truck 2: 
        [0, 90, 78, 19, 89, 77, 4, 12, 47, 7, 0]
        [0, 8, 96, 0]
    Truck 3: 
        [0, 50, 79, 0]
        [0, 70, 58, 0]
        [0, 55, 0]
    Truck 4: 
        [0, 33, 93, 0]
        [0, 2, 69, 0]
        [0, 22, 0]
    Drone 1: 
        [0, 88, 76, 0]
        [0, 9, 0]
        [0, 31, 0]
        [0, 87, 0]
        [0, 86, 0]
        [0, 13, 64, 0]
    Drone 2: 
        [0, 100, 0]
        [0, 91, 60, 0]
        [0, 10, 0]
        [0, 26, 0]
    Drone 3: 
        [0, 71, 0]
Solution 2:
    Served: 56
    Makespan: 8826.69661174907
    Truck 1: 
        [0, 5, 68, 56, 32, 11, 29, 40, 0]
        [0, 61, 0]
        [0, 95, 72, 17, 66, 73, 25, 81, 74, 99, 45, 15, 3, 43, 0]
    Truck 2: 
        [0, 90, 78, 19, 89, 77, 4, 12, 47, 7, 0]
        [0, 8, 96, 0]
    Truck 3: 
        [0, 50, 79, 0]
        [0, 70, 58, 0]
        [0, 55, 0]
    Truck 4: 
        [0, 33, 93, 0]
        [0, 2, 69, 0]
        [0, 22, 0]
    Drone 1: 
        [0, 88, 76, 0]
        [0, 10, 0]
        [0, 31, 0]
        [0, 87, 0]
        [0, 86, 0]
        [0, 13, 64, 0]
    Drone 2: 
        [0, 100, 0]
        [0, 91, 0]
        [0, 26, 0]
    Drone 3: 
        [0, 71, 0]
    Drone 4: 
        [0, 60, 9, 0]
Solution 3:
    Served: 56
    Makespan: 8826.69661174907
    Truck 1: 
        [0, 5, 68, 56, 32, 11, 29, 40, 0]
        [0, 61, 0]
        [0, 95, 72, 17, 66, 73, 25, 81, 74, 99, 45, 15, 3, 43, 0]
    Truck 2: 
        [0, 90, 78, 19, 89, 77, 4, 12, 47, 7, 0]
        [0, 8, 96, 0]
        [0, 55, 0]
    Truck 3: 
        [0, 50, 79, 0]
        [0, 70, 58, 0]
        [0, 22, 0]
    Truck 4: 
        [0, 33, 93, 0]
        [0, 2, 69, 0]
    Drone 1: 
        [0, 88, 76, 0]
        [0, 9, 0]
        [0, 31, 0]
        [0, 87, 0]
        [0, 86, 0]
        [0, 13, 64, 0]
    Drone 2: 
        [0, 100, 0]
        [0, 91, 60, 0]
        [0, 10, 0]
        [0, 26, 0]
    Drone 3: 
        [0, 71, 0]
Solution 4:
    Served: 56
    Makespan: 8826.69661174907
    Truck 1: 
        [0, 5, 68, 56, 32, 11, 29, 40, 0]
        [0, 61, 0]
        [0, 95, 72, 17, 66, 73, 25, 81, 74, 99, 45, 15, 3, 43, 0]
    Truck 2: 
        [0, 90, 78, 19, 89, 77, 4, 12, 47, 7, 0]
        [0, 8, 96, 0]
        [0, 22, 0]
    Truck 3: 
        [0, 50, 79, 0]
        [0, 70, 58, 0]
        [0, 55, 0]
    Truck 4: 
        [0, 33, 93, 0]
        [0, 2, 69, 0]
    Drone 1: 
        [0, 88, 76, 0]
        [0, 9, 0]
        [0, 31, 0]
        [0, 87, 0]
        [0, 86, 0]
        [0, 13, 64, 0]
    Drone 2: 
        [0, 100, 0]
        [0, 91, 60, 0]
        [0, 10, 0]
        [0, 26, 0]
    Drone 3: 
        [0, 71, 0]
Solution 5:
    Served: 55
    Makespan: 8776.733762164731
    Truck 1: 
        [0, 5, 68, 56, 32, 11, 29, 40, 0]
        [0, 61, 0]
        [0, 95, 72, 17, 66, 73, 25, 81, 74, 99, 45, 3, 43, 0]
    Truck 2: 
        [0, 90, 78, 19, 89, 77, 4, 12, 47, 7, 0]
        [0, 8, 96, 0]
    Truck 3: 
        [0, 50, 79, 0]
        [0, 70, 58, 0]
        [0, 55, 0]
    Truck 4: 
        [0, 33, 93, 0]
        [0, 2, 69, 0]
        [0, 22, 0]
    Drone 1: 
        [0, 88, 76, 0]
        [0, 9, 0]
        [0, 31, 0]
        [0, 87, 0]
        [0, 86, 0]
        [0, 13, 64, 0]
    Drone 2: 
        [0, 100, 0]
        [0, 91, 60, 0]
        [0, 10, 0]
        [0, 26, 0]
    Drone 3: 
        [0, 71, 0]
Solution 6:
    Served: 54
    Makespan: 8751.09615708445
    Truck 1: 
        [0, 5, 68, 56, 32, 11, 29, 40, 0]
        [0, 61, 0]
        [0, 95, 72, 17, 66, 73, 81, 74, 99, 45, 3, 43, 0]
    Truck 2: 
        [0, 90, 78, 19, 89, 77, 4, 12, 47, 7, 0]
        [0, 8, 96, 0]
    Truck 3: 
        [0, 50, 79, 0]
        [0, 70, 58, 0]
        [0, 55, 0]
    Truck 4: 
        [0, 33, 93, 0]
        [0, 2, 69, 0]
        [0, 22, 0]
    Drone 1: 
        [0, 88, 76, 0]
        [0, 9, 0]
        [0, 31, 0]
        [0, 87, 0]
        [0, 86, 0]
        [0, 13, 64, 0]
    Drone 2: 
        [0, 100, 0]
        [0, 91, 60, 0]
        [0, 10, 0]
        [0, 26, 0]
    Drone 3: 
        [0, 71, 0]
Solution 7:
    Served: 53
    Makespan: 8747.103635310517
    Truck 1: 
        [0, 5, 68, 56, 32, 11, 29, 40, 0]
        [0, 61, 0]
        [0, 95, 72, 17, 66, 73, 81, 74, 99, 3, 43, 0]
    Truck 2: 
        [0, 90, 78, 19, 89, 77, 4, 12, 47, 7, 0]
        [0, 8, 96, 0]
    Truck 3: 
        [0, 50, 79, 0]
        [0, 70, 58, 0]
        [0, 55, 0]
    Truck 4: 
        [0, 33, 93, 0]
        [0, 2, 69, 0]
        [0, 22, 0]
    Drone 1: 
        [0, 88, 76, 0]
        [0, 9, 0]
        [0, 31, 0]
        [0, 87, 0]
        [0, 86, 0]
        [0, 13, 64, 0]
    Drone 2: 
        [0, 100, 0]
        [0, 91, 60, 0]
        [0, 10, 0]
        [0, 26, 0]
    Drone 3: 
        [0, 71, 0]
Solution 8:
    Served: 53
    Makespan: 8747.103635310517
    Truck 1: 
        [0, 5, 68, 56, 32, 11, 29, 40, 0]
        [0, 61, 0]
        [0, 95, 72, 17, 66, 73, 81, 74, 99, 3, 43, 0]
    Truck 2: 
        [0, 90, 78, 19, 89, 77, 4, 12, 47, 7, 0]
        [0, 8, 96, 0]
        [0, 22, 0]
    Truck 3: 
        [0, 50, 79, 0]
        [0, 70, 58, 0]
        [0, 55, 0]
    Truck 4: 
        [0, 33, 93, 0]
        [0, 2, 69, 0]
    Drone 1: 
        [0, 88, 76, 0]
        [0, 9, 0]
        [0, 31, 0]
        [0, 87, 0]
        [0, 86, 0]
        [0, 13, 64, 0]
    Drone 2: 
        [0, 100, 0]
        [0, 91, 60, 0]
        [0, 10, 0]
        [0, 26, 0]
    Drone 3: 
        [0, 71, 0]
Solution 9:
    Served: 45
    Makespan: 8721.02495487362
    Truck 1: 
        [0, 5, 68, 56, 32, 11, 29, 40, 0]
        [0, 61, 2, 69, 0]
    Truck 2: 
        [0, 90, 78, 19, 89, 77, 4, 12, 47, 7, 0]
        [0, 8, 96, 0]
    Truck 3: 
        [0, 50, 79, 0]
        [0, 70, 58, 0]
        [0, 55, 0]
    Truck 4: 
        [0, 33, 93, 0]
        [0, 95, 72, 0]
        [0, 22, 0]
    Drone 1: 
        [0, 88, 76, 0]
        [0, 9, 0]
        [0, 31, 0]
        [0, 87, 0]
        [0, 86, 0]
        [0, 13, 64, 0]
    Drone 2: 
        [0, 100, 0]
        [0, 91, 60, 0]
        [0, 10, 0]
        [0, 26, 0]
    Drone 3: 
        [0, 71, 0]
Solution 10:
    Served: 45
    Makespan: 8721.02495487362
    Truck 1: 
        [0, 5, 68, 56, 32, 11, 29, 40, 0]
        [0, 95, 72, 0]
        [0, 22, 0]
    Truck 2: 
        [0, 90, 78, 19, 89, 77, 4, 12, 47, 7, 0]
        [0, 61, 2, 69, 0]
        [0, 55, 0]
    Truck 3: 
        [0, 50, 79, 0]
        [0, 70, 58, 0]
    Truck 4: 
        [0, 33, 93, 0]
        [0, 8, 96, 0]
    Drone 1: 
        [0, 88, 76, 0]
        [0, 9, 0]
        [0, 31, 0]
        [0, 87, 0]
        [0, 86, 0]
        [0, 13, 64, 0]
    Drone 2: 
        [0, 100, 0]
        [0, 91, 60, 0]
        [0, 10, 0]
        [0, 26, 0]
    Drone 3: 
        [0, 71, 0]
