Pareto Count: 13
Solution 1:
    Served: 91
    Makespan: 2010.2425799201148
    Truck 1: 
        [0, 6, 37, 22, 90, 83, 38, 70, 93, 46, 43, 0]
    Truck 2: 
        [0, 95, 75, 79, 18, 61, 45, 87, 50, 31, 77, 17, 97, 78, 58, 3, 92, 53, 0]
    Truck 3: 
        [0, 56, 99, 29, 13, 28, 24, 4, 59, 84, 91, 0]
    Truck 4: 
        [0, 73, 89, 26, 60, 27, 49, 47, 94, 68, 62, 11, 33, 96, 16, 0]
    Drone 1: 
        [0, 39, 0]
        [0, 1, 8, 80, 9, 98, 0]
        [0, 82, 7, 63, 21, 0]
        [0, 51, 23, 57, 0]
    Drone 2: 
        [0, 74, 88, 0]
        [0, 48, 25, 15, 0]
        [0, 54, 85, 0]
        [0, 76, 55, 0]
    Drone 3: 
        [0, 66, 19, 2, 20, 0]
        [0, 41, 86, 100, 65, 0]
        [0, 42, 0]
        [0, 5, 30, 0]
        [0, 69, 0]
    Drone 4: 
        [0, 71, 36, 12, 34, 0]
        [0, 44, 0]
        [0, 10, 0]
Solution 2:
    Served: 91
    Makespan: 2010.2425799201148
    Truck 1: 
        [0, 6, 37, 22, 90, 83, 38, 70, 93, 46, 43, 0]
    Truck 2: 
        [0, 95, 75, 79, 18, 61, 45, 87, 50, 31, 77, 17, 97, 78, 58, 3, 92, 53, 0]
    Truck 3: 
        [0, 56, 99, 29, 13, 28, 24, 4, 59, 84, 91, 0]
    Truck 4: 
        [0, 73, 89, 26, 60, 27, 49, 47, 94, 68, 62, 11, 33, 96, 16, 0]
    Drone 1: 
        [0, 39, 0]
        [0, 1, 8, 80, 9, 98, 0]
        [0, 82, 7, 63, 21, 0]
        [0, 51, 23, 57, 0]
    Drone 2: 
        [0, 74, 88, 0]
        [0, 48, 25, 15, 0]
        [0, 54, 85, 0]
        [0, 76, 55, 0]
    Drone 3: 
        [0, 66, 19, 2, 20, 0]
        [0, 41, 86, 100, 65, 0]
        [0, 42, 0]
        [0, 5, 30, 0]
        [0, 69, 0]
    Drone 4: 
        [0, 71, 36, 12, 14, 0]
        [0, 44, 0]
        [0, 10, 0]
Solution 3:
    Served: 90
    Makespan: 1897.0806749974072
    Truck 1: 
        [0, 6, 37, 22, 90, 83, 38, 70, 93, 46, 43, 0]
    Truck 2: 
        [0, 95, 75, 79, 18, 61, 45, 87, 50, 31, 77, 17, 97, 78, 58, 3, 92, 53, 0]
    Truck 3: 
        [0, 56, 99, 29, 13, 28, 24, 4, 59, 84, 91, 0]
    Truck 4: 
        [0, 73, 89, 26, 60, 27, 49, 47, 94, 68, 62, 11, 52, 16, 0]
    Drone 1: 
        [0, 39, 0]
        [0, 1, 8, 80, 9, 98, 0]
        [0, 82, 7, 63, 21, 0]
        [0, 51, 23, 57, 0]
    Drone 2: 
        [0, 74, 88, 0]
        [0, 48, 25, 15, 0]
        [0, 54, 85, 0]
        [0, 76, 55, 0]
    Drone 3: 
        [0, 66, 19, 2, 20, 0]
        [0, 41, 86, 100, 65, 0]
        [0, 42, 0]
        [0, 5, 30, 0]
        [0, 69, 0]
    Drone 4: 
        [0, 71, 36, 12, 34, 0]
        [0, 44, 0]
        [0, 10, 0]
Solution 4:
    Served: 89
    Makespan: 1790.988339601143
    Truck 1: 
        [0, 6, 37, 22, 90, 83, 38, 70, 93, 46, 43, 76, 0]
    Truck 2: 
        [0, 95, 79, 75, 18, 61, 45, 87, 50, 31, 77, 17, 97, 78, 58, 3, 92, 53, 0]
    Truck 3: 
        [0, 56, 99, 29, 13, 28, 24, 4, 59, 84, 91, 69, 0]
    Truck 4: 
        [0, 73, 89, 26, 60, 27, 49, 47, 94, 68, 62, 11, 52, 0]
    Drone 1: 
        [0, 39, 0]
        [0, 1, 8, 80, 9, 98, 41, 0]
        [0, 82, 63, 7, 42, 0]
        [0, 5, 16, 0]
    Drone 2: 
        [0, 74, 88, 0]
        [0, 48, 25, 15, 0]
        [0, 54, 85, 0]
        [0, 30, 0]
    Drone 3: 
        [0, 66, 19, 2, 20, 0]
        [0, 100, 0]
        [0, 10, 55, 0]
    Drone 4: 
        [0, 71, 36, 34, 12, 0]
        [0, 86, 65, 0]
        [0, 21, 0]
        [0, 51, 23, 57, 0]
Solution 5:
    Served: 87
    Makespan: 1761.4035291254881
    Truck 1: 
        [0, 6, 37, 22, 90, 83, 38, 70, 93, 46, 43, 0]
    Truck 2: 
        [0, 95, 75, 79, 18, 61, 45, 87, 50, 31, 77, 17, 97, 78, 58, 3, 92, 53, 0]
    Truck 3: 
        [0, 56, 99, 29, 13, 28, 24, 4, 59, 84, 91, 0]
    Truck 4: 
        [0, 73, 89, 26, 60, 27, 49, 47, 94, 68, 62, 11, 52, 0]
    Drone 1: 
        [0, 39, 0]
        [0, 1, 8, 80, 9, 98, 0]
        [0, 82, 63, 7, 42, 21, 0]
        [0, 51, 0]
        [0, 69, 76, 0]
    Drone 2: 
        [0, 74, 88, 0]
        [0, 48, 25, 15, 0]
        [0, 54, 85, 0]
        [0, 30, 0]
    Drone 3: 
        [0, 66, 19, 2, 20, 0]
        [0, 41, 86, 100, 65, 0]
        [0, 5, 16, 0]
    Drone 4: 
        [0, 71, 36, 12, 14, 0]
        [0, 44, 0]
        [0, 10, 0]
Solution 6:
    Served: 82
    Makespan: 1729.1918364950036
    Truck 1: 
        [0, 6, 37, 22, 90, 83, 38, 70, 93, 46, 43, 0]
    Truck 2: 
        [0, 95, 79, 61, 45, 50, 31, 77, 17, 97, 78, 58, 3, 92, 53, 51, 0]
    Truck 3: 
        [0, 56, 99, 29, 13, 28, 24, 4, 59, 84, 91, 76, 0]
    Truck 4: 
        [0, 73, 18, 89, 26, 60, 47, 94, 85, 52, 5, 81, 0]
    Drone 1: 
        [0, 39, 0]
        [0, 75, 0]
        [0, 8, 48, 25, 0]
        [0, 68, 62, 0]
        [0, 55, 0]
    Drone 2: 
        [0, 74, 88, 0]
        [0, 80, 9, 98, 0]
        [0, 82, 7, 42, 21, 0]
        [0, 30, 0]
    Drone 3: 
        [0, 66, 19, 2, 1, 0]
        [0, 41, 86, 65, 0]
        [0, 33, 96, 16, 0]
    Drone 4: 
        [0, 71, 36, 12, 34, 0]
        [0, 15, 0]
        [0, 54, 0]
        [0, 69, 0]
Solution 7:
    Served: 77
    Makespan: 1709.281731074964
    Truck 1: 
        [0, 37, 45, 87, 31, 77, 0]
        [0, 81, 69, 0]
    Truck 2: 
        [0, 95, 75, 89, 26, 60, 27, 49, 47, 94, 68, 62, 11, 52, 5, 0]
    Truck 3: 
        [0, 56, 99, 29, 13, 28, 24, 4, 59, 84, 91, 76, 0]
    Truck 4: 
        [0, 73, 18, 9, 50, 0]
        [0, 43, 0]
    Drone 1: 
        [0, 39, 36, 12, 34, 20, 0]
        [0, 40, 17, 97, 3, 0]
        [0, 55, 0]
    Drone 2: 
        [0, 74, 88, 0]
        [0, 8, 48, 25, 15, 0]
        [0, 54, 85, 33, 30, 0]
    Drone 3: 
        [0, 66, 19, 2, 1, 0]
        [0, 41, 64, 32, 44, 0]
        [0, 42, 92, 35, 0]
    Drone 4: 
        [0, 71, 6, 0]
        [0, 79, 61, 0]
        [0, 98, 22, 90, 0]
        [0, 93, 46, 0]
Solution 8:
    Served: 74
    Makespan: 1671.6241905767245
    Truck 1: 
        [0, 37, 45, 87, 50, 100, 0]
    Truck 2: 
        [0, 95, 79, 0]
        [0, 9, 98, 0]
        [0, 7, 42, 21, 5, 0]
    Truck 3: 
        [0, 56, 99, 29, 13, 28, 24, 4, 59, 0]
    Truck 4: 
        [0, 73, 18, 26, 60, 27, 49, 44, 0]
        [0, 81, 0]
    Drone 1: 
        [0, 39, 36, 20, 14, 0]
        [0, 47, 94, 68, 32, 0]
        [0, 43, 46, 0]
        [0, 91, 76, 0]
    Drone 2: 
        [0, 74, 88, 0]
        [0, 8, 48, 25, 15, 0]
        [0, 54, 85, 33, 30, 0]
        [0, 69, 0]
    Drone 3: 
        [0, 66, 19, 2, 1, 0]
        [0, 22, 90, 83, 0]
        [0, 93, 10, 55, 0]
    Drone 4: 
        [0, 71, 6, 0]
        [0, 75, 61, 0]
        [0, 41, 86, 40, 82, 63, 0]
        [0, 35, 23, 57, 0]
Solution 9:
    Served: 71
    Makespan: 1670.376054248716
    Truck 1: 
        [0, 37, 45, 87, 50, 100, 0]
        [0, 91, 76, 0]
    Truck 2: 
        [0, 95, 79, 89, 26, 60, 64, 32, 44, 0]
        [0, 81, 0]
    Truck 3: 
        [0, 56, 99, 29, 13, 28, 24, 59, 0]
    Truck 4: 
        [0, 73, 18, 9, 0]
        [0, 49, 47, 94, 11, 52, 0]
    Drone 1: 
        [0, 39, 36, 12, 34, 20, 0]
        [0, 65, 0]
        [0, 42, 21, 33, 96, 16, 0]
    Drone 2: 
        [0, 74, 88, 0]
        [0, 48, 25, 15, 0]
        [0, 7, 63, 3, 92, 0]
    Drone 3: 
        [0, 66, 19, 2, 1, 0]
        [0, 41, 86, 40, 77, 0]
        [0, 84, 0]
        [0, 43, 0]
    Drone 4: 
        [0, 71, 6, 0]
        [0, 75, 61, 0]
        [0, 22, 90, 83, 0]
        [0, 93, 46, 0]
        [0, 69, 0]
Solution 10:
    Served: 68
    Makespan: 1637.956392788991
    Truck 1: 
        [0, 37, 45, 87, 50, 100, 0]
    Truck 2: 
        [0, 95, 79, 18, 0]
        [0, 41, 86, 82, 7, 0]
        [0, 81, 0]
    Truck 3: 
        [0, 56, 80, 0]
        [0, 98, 0]
        [0, 54, 42, 21, 5, 0]
    Truck 4: 
        [0, 73, 89, 26, 60, 27, 47, 94, 68, 62, 11, 0]
    Drone 1: 
        [0, 39, 36, 20, 14, 0]
        [0, 17, 97, 78, 3, 0]
        [0, 43, 46, 0]
    Drone 2: 
        [0, 74, 88, 0]
        [0, 8, 99, 48, 25, 0]
        [0, 85, 72, 0]
    Drone 3: 
        [0, 66, 19, 2, 1, 9, 0]
        [0, 65, 0]
        [0, 35, 23, 51, 0]
    Drone 4: 
        [0, 71, 6, 0]
        [0, 75, 61, 0]
        [0, 22, 90, 83, 0]
        [0, 84, 91, 0]
        [0, 69, 76, 0]
Solution 11:
    Served: 67
    Makespan: 1625.5590482999985
    Truck 1: 
        [0, 37, 45, 87, 50, 100, 0]
    Truck 2: 
        [0, 95, 79, 18, 0]
        [0, 41, 86, 82, 7, 0]
        [0, 81, 0]
    Truck 3: 
        [0, 56, 80, 0]
        [0, 98, 0]
        [0, 54, 42, 21, 5, 0]
    Truck 4: 
        [0, 73, 89, 26, 60, 27, 47, 94, 68, 62, 11, 0]
    Drone 1: 
        [0, 39, 36, 20, 14, 0]
        [0, 17, 97, 78, 3, 0]
        [0, 91, 76, 0]
        [0, 69, 0]
    Drone 2: 
        [0, 74, 88, 0]
        [0, 8, 99, 48, 25, 0]
        [0, 85, 72, 0]
    Drone 3: 
        [0, 66, 19, 2, 1, 9, 0]
        [0, 65, 0]
        [0, 35, 23, 51, 0]
    Drone 4: 
        [0, 71, 6, 0]
        [0, 75, 61, 0]
        [0, 22, 90, 83, 0]
        [0, 93, 46, 0]
Solution 12:
    Served: 53
    Makespan: 1611.0827265832875
    Truck 1: 
        [0, 37, 45, 87, 100, 0]
        [0, 81, 0]
    Truck 2: 
        [0, 56, 0]
        [0, 49, 0]
    Truck 3: 
        [0, 54, 0]
    Drone 1: 
        [0, 39, 0]
        [0, 73, 0]
        [0, 18, 0]
        [0, 26, 60, 86, 40, 0]
        [0, 93, 0]
        [0, 91, 76, 0]
    Drone 2: 
        [0, 74, 88, 0]
        [0, 8, 48, 25, 15, 0]
        [0, 63, 3, 35, 0]
    Drone 3: 
        [0, 66, 19, 2, 20, 36, 0]
        [0, 41, 27, 47, 94, 0]
        [0, 7, 42, 21, 0]
        [0, 5, 30, 0]
    Drone 4: 
        [0, 71, 95, 6, 0]
        [0, 79, 75, 80, 0]
        [0, 22, 90, 83, 0]
        [0, 84, 43, 0]
        [0, 69, 0]
Solution 13:
    Served: 51
    Makespan: 1571.2351569197215
    Truck 1: 
        [0, 37, 45, 87, 100, 0]
    Truck 2: 
        [0, 56, 0]
        [0, 81, 0]
    Truck 3: 
        [0, 18, 0]
        [0, 54, 42, 21, 5, 0]
    Truck 4: 
        [0, 41, 49, 0]
    Drone 1: 
        [0, 39, 0]
        [0, 79, 75, 61, 0]
        [0, 22, 90, 83, 0]
        [0, 84, 43, 0]
    Drone 2: 
        [0, 74, 88, 0]
        [0, 8, 80, 9, 86, 0]
        [0, 47, 85, 0]
        [0, 51, 0]
    Drone 3: 
        [0, 66, 19, 2, 20, 36, 0]
        [0, 98, 27, 94, 0]
        [0, 7, 0]
        [0, 76, 0]
    Drone 4: 
        [0, 71, 6, 95, 0]
        [0, 73, 1, 99, 0]
        [0, 24, 4, 0]
        [0, 91, 69, 0]
