Pareto Count: 9
Solution 1:
    Served: 40
    Makespan: 14931.750968598306
    Truck 1: 
        [0, 76, 7, 0]
        [0, 72, 70, 0]
        [0, 15, 81, 0]
    Truck 2: 
        [0, 92, 43, 0]
        [0, 13, 12, 96, 98, 60, 90, 0]
        [0, 97, 24, 94, 52, 41, 51, 35, 75, 22, 0]
    Truck 3: 
        [0, 34, 54, 0]
        [0, 63, 86, 0]
        [0, 77, 79, 0]
    Truck 4: 
        [0, 45, 0]
        [0, 67, 2, 0]
        [0, 44, 0]
    Drone 1: 
        [0, 48, 80, 0]
        [0, 55, 0]
        [0, 36, 49, 0]
    Drone 2: 
        [0, 25, 0]
        [0, 62, 0]
Solution 2:
    Served: 40
    Makespan: 14931.750968598306
    Truck 1: 
        [0, 76, 7, 0]
        [0, 72, 70, 0]
        [0, 15, 81, 0]
    Truck 2: 
        [0, 92, 43, 0]
        [0, 13, 12, 96, 98, 60, 90, 0]
        [0, 97, 24, 94, 52, 41, 51, 35, 75, 22, 0]
    Truck 3: 
        [0, 34, 54, 0]
        [0, 63, 86, 0]
        [0, 77, 79, 0]
    Truck 4: 
        [0, 67, 2, 0]
        [0, 44, 0]
    Drone 1: 
        [0, 48, 80, 0]
        [0, 55, 0]
        [0, 36, 49, 0]
    Drone 2: 
        [0, 25, 45, 0]
        [0, 62, 0]
Solution 3:
    Served: 40
    Makespan: 14931.750968598306
    Truck 1: 
        [0, 76, 7, 0]
        [0, 72, 70, 0]
        [0, 15, 81, 0]
    Truck 2: 
        [0, 92, 43, 0]
        [0, 13, 12, 96, 98, 60, 90, 0]
        [0, 97, 24, 94, 52, 41, 51, 35, 75, 22, 0]
    Truck 3: 
        [0, 34, 54, 0]
        [0, 63, 86, 0]
        [0, 77, 79, 0]
    Truck 4: 
        [0, 67, 2, 0]
        [0, 44, 0]
    Drone 1: 
        [0, 48, 0]
        [0, 45, 0]
        [0, 55, 0]
        [0, 36, 49, 0]
    Drone 2: 
        [0, 25, 0]
        [0, 62, 0]
    Drone 3: 
        [0, 80, 0]
Solution 4:
    Served: 40
    Makespan: 14931.750968598306
    Truck 1: 
        [0, 76, 7, 0]
        [0, 72, 70, 0]
        [0, 15, 81, 0]
    Truck 2: 
        [0, 92, 43, 0]
        [0, 13, 12, 96, 98, 60, 90, 0]
        [0, 97, 24, 94, 52, 41, 51, 35, 75, 22, 0]
    Truck 3: 
        [0, 34, 54, 0]
        [0, 63, 86, 0]
        [0, 77, 79, 0]
    Truck 4: 
        [0, 67, 2, 0]
        [0, 44, 0]
    Drone 1: 
        [0, 48, 80, 0]
        [0, 55, 0]
        [0, 36, 49, 0]
    Drone 2: 
        [0, 25, 0]
        [0, 62, 0]
    Drone 3: 
        [0, 45, 0]
Solution 5:
    Served: 40
    Makespan: 14931.750968598306
    Truck 1: 
        [0, 48, 0]
        [0, 45, 0]
        [0, 72, 70, 0]
        [0, 15, 81, 0]
    Truck 2: 
        [0, 76, 7, 0]
        [0, 63, 86, 0]
        [0, 77, 79, 0]
    Truck 3: 
        [0, 92, 43, 0]
        [0, 13, 12, 96, 98, 60, 90, 0]
        [0, 97, 24, 94, 52, 41, 51, 35, 75, 22, 0]
    Truck 4: 
        [0, 34, 54, 0]
        [0, 67, 2, 0]
        [0, 44, 0]
    Drone 1: 
        [0, 25, 0]
        [0, 36, 49, 0]
    Drone 2: 
        [0, 80, 0]
        [0, 55, 62, 0]
Solution 6:
    Served: 40
    Makespan: 14931.750968598306
    Truck 1: 
        [0, 48, 0]
        [0, 72, 70, 0]
        [0, 15, 81, 0]
    Truck 2: 
        [0, 76, 7, 0]
        [0, 63, 86, 0]
        [0, 77, 79, 0]
    Truck 3: 
        [0, 92, 43, 0]
        [0, 13, 12, 96, 98, 60, 90, 0]
        [0, 97, 24, 94, 52, 41, 51, 35, 75, 22, 0]
    Truck 4: 
        [0, 34, 54, 0]
        [0, 67, 2, 0]
        [0, 44, 0]
    Drone 1: 
        [0, 25, 0]
        [0, 36, 49, 0]
    Drone 2: 
        [0, 80, 0]
        [0, 55, 62, 0]
    Drone 3: 
        [0, 45, 0]
Solution 7:
    Served: 39
    Makespan: 14818.795778360989
    Truck 1: 
        [0, 76, 7, 0]
        [0, 72, 70, 0]
        [0, 15, 81, 0]
    Truck 2: 
        [0, 92, 43, 0]
        [0, 13, 12, 96, 60, 90, 0]
        [0, 97, 24, 94, 52, 41, 51, 35, 75, 22, 0]
    Truck 3: 
        [0, 34, 54, 0]
        [0, 63, 86, 0]
        [0, 77, 79, 0]
    Truck 4: 
        [0, 45, 0]
        [0, 67, 2, 0]
        [0, 44, 0]
    Drone 1: 
        [0, 48, 80, 0]
        [0, 55, 0]
        [0, 36, 49, 0]
    Drone 2: 
        [0, 25, 0]
        [0, 62, 0]
Solution 8:
    Served: 39
    Makespan: 14818.795778360989
    Truck 1: 
        [0, 76, 7, 0]
        [0, 72, 70, 0]
        [0, 15, 81, 0]
    Truck 2: 
        [0, 92, 43, 0]
        [0, 13, 12, 96, 60, 90, 0]
        [0, 97, 24, 94, 52, 41, 51, 35, 75, 22, 0]
    Truck 3: 
        [0, 34, 54, 0]
        [0, 63, 86, 0]
        [0, 77, 79, 0]
    Truck 4: 
        [0, 67, 2, 0]
        [0, 44, 0]
    Drone 1: 
        [0, 48, 80, 0]
        [0, 55, 0]
        [0, 36, 49, 0]
    Drone 2: 
        [0, 25, 45, 0]
        [0, 62, 0]
Solution 9:
    Served: 39
    Makespan: 14818.795778360989
    Truck 1: 
        [0, 48, 0]
        [0, 45, 0]
        [0, 72, 70, 0]
        [0, 15, 81, 0]
    Truck 2: 
        [0, 76, 7, 0]
        [0, 63, 86, 0]
        [0, 77, 79, 0]
    Truck 3: 
        [0, 92, 43, 0]
        [0, 13, 12, 96, 60, 90, 0]
        [0, 97, 24, 94, 52, 41, 51, 35, 75, 22, 0]
    Truck 4: 
        [0, 34, 54, 0]
        [0, 67, 2, 0]
        [0, 44, 0]
    Drone 1: 
        [0, 25, 0]
        [0, 36, 49, 0]
    Drone 2: 
        [0, 80, 0]
        [0, 55, 62, 0]
