Pareto Count: 72
Solution 1:
    Served: 62
    Makespan: 4111.573691884351
    Truck 1: 
        [0, 62, 98, 52, 28, 15, 17, 26, 22, 67, 70, 92, 0]
    Truck 2: 
        [0, 63, 82, 0]
        [0, 6, 0]
    Truck 3: 
        [0, 90, 40, 2, 21, 32, 56, 60, 10, 78, 89, 20, 30, 94, 64, 23, 79, 0]
    Truck 4: 
        [0, 91, 8, 0]
    Drone 1: 
        [0, 72, 0]
        [0, 54, 0]
        [0, 57, 0]
        [0, 77, 0]
        [0, 27, 0]
        [0, 53, 0]
        [0, 39, 0]
    Drone 2: 
        [0, 81, 96, 0]
        [0, 61, 0]
        [0, 5, 0]
        [0, 13, 4, 0]
        [0, 97, 0]
        [0, 88, 0]
    Drone 3: 
        [0, 47, 0]
        [0, 73, 0]
        [0, 50, 66, 0]
        [0, 99, 0]
    Drone 4: 
        [0, 85, 71, 0]
        [0, 14, 76, 31, 0]
        [0, 42, 7, 9, 16, 0]
        [0, 12, 0]
Solution 2:
    Served: 62
    Makespan: 4111.573691884351
    Truck 1: 
        [0, 62, 98, 52, 28, 15, 17, 26, 22, 67, 70, 92, 0]
    Truck 2: 
        [0, 63, 82, 0]
        [0, 6, 0]
    Truck 3: 
        [0, 90, 40, 2, 21, 32, 56, 60, 10, 78, 89, 20, 30, 94, 64, 23, 79, 0]
    Truck 4: 
        [0, 91, 8, 0]
    Drone 1: 
        [0, 72, 0]
        [0, 54, 0]
        [0, 31, 5, 0]
        [0, 13, 4, 0]
        [0, 97, 0]
        [0, 53, 0]
        [0, 88, 0]
    Drone 2: 
        [0, 81, 96, 0]
        [0, 61, 0]
        [0, 50, 66, 0]
        [0, 27, 0]
        [0, 99, 0]
    Drone 3: 
        [0, 47, 0]
        [0, 73, 0]
        [0, 77, 0]
        [0, 12, 0]
    Drone 4: 
        [0, 85, 71, 0]
        [0, 14, 76, 0]
        [0, 42, 7, 9, 16, 0]
        [0, 39, 46, 0]
Solution 3:
    Served: 62
    Makespan: 4111.573691884351
    Truck 1: 
        [0, 62, 98, 52, 28, 15, 17, 26, 22, 67, 70, 92, 0]
    Truck 2: 
        [0, 63, 82, 0]
        [0, 13, 4, 0]
    Truck 3: 
        [0, 90, 40, 2, 21, 32, 56, 60, 10, 78, 89, 20, 30, 94, 64, 23, 79, 0]
    Truck 4: 
        [0, 91, 8, 0]
        [0, 27, 0]
    Drone 1: 
        [0, 72, 0]
        [0, 54, 0]
        [0, 57, 0]
        [0, 77, 0]
        [0, 53, 0]
        [0, 39, 0]
    Drone 2: 
        [0, 81, 96, 0]
        [0, 61, 0]
        [0, 5, 0]
        [0, 6, 0]
        [0, 97, 0]
        [0, 88, 0]
    Drone 3: 
        [0, 47, 0]
        [0, 73, 0]
        [0, 50, 66, 0]
        [0, 99, 0]
    Drone 4: 
        [0, 85, 71, 0]
        [0, 14, 76, 31, 0]
        [0, 42, 7, 9, 16, 0]
        [0, 12, 0]
Solution 4:
    Served: 62
    Makespan: 4111.573691884351
    Truck 1: 
        [0, 62, 98, 52, 28, 15, 17, 26, 22, 67, 70, 92, 0]
    Truck 2: 
        [0, 63, 82, 0]
        [0, 13, 4, 0]
        [0, 88, 0]
    Truck 3: 
        [0, 90, 40, 2, 21, 32, 56, 60, 10, 78, 89, 20, 30, 94, 64, 23, 79, 0]
    Truck 4: 
        [0, 91, 8, 0]
        [0, 6, 0]
        [0, 27, 0]
        [0, 12, 0]
    Drone 1: 
        [0, 72, 0]
        [0, 54, 0]
        [0, 57, 0]
        [0, 77, 0]
        [0, 53, 0]
        [0, 39, 0]
    Drone 2: 
        [0, 81, 96, 0]
        [0, 61, 0]
        [0, 5, 0]
        [0, 97, 0]
        [0, 99, 0]
    Drone 3: 
        [0, 47, 0]
        [0, 73, 0]
        [0, 50, 66, 0]
    Drone 4: 
        [0, 85, 71, 0]
        [0, 14, 76, 31, 0]
        [0, 42, 7, 9, 16, 0]
Solution 5:
    Served: 62
    Makespan: 4111.573691884351
    Truck 1: 
        [0, 62, 98, 52, 28, 15, 17, 26, 22, 67, 70, 92, 0]
    Truck 2: 
        [0, 63, 82, 0]
        [0, 13, 4, 0]
        [0, 88, 0]
    Truck 3: 
        [0, 90, 40, 2, 21, 32, 56, 60, 10, 78, 89, 20, 30, 94, 64, 23, 79, 0]
    Truck 4: 
        [0, 91, 8, 0]
        [0, 6, 0]
        [0, 27, 0]
        [0, 12, 0]
    Drone 1: 
        [0, 72, 0]
        [0, 54, 0]
        [0, 31, 5, 0]
        [0, 97, 0]
        [0, 53, 0]
        [0, 99, 0]
    Drone 2: 
        [0, 81, 96, 0]
        [0, 61, 0]
        [0, 50, 66, 0]
    Drone 3: 
        [0, 47, 0]
        [0, 73, 0]
        [0, 77, 0]
    Drone 4: 
        [0, 85, 71, 0]
        [0, 14, 76, 0]
        [0, 42, 7, 9, 16, 0]
        [0, 39, 46, 0]
Solution 6:
    Served: 62
    Makespan: 4111.573691884351
    Truck 1: 
        [0, 62, 98, 52, 28, 15, 17, 26, 22, 67, 70, 92, 0]
    Truck 2: 
        [0, 63, 82, 0]
        [0, 13, 4, 0]
        [0, 88, 0]
    Truck 3: 
        [0, 90, 40, 2, 21, 32, 56, 60, 10, 78, 89, 20, 30, 94, 64, 23, 79, 0]
    Truck 4: 
        [0, 91, 8, 0]
        [0, 6, 0]
        [0, 27, 0]
        [0, 12, 0]
    Drone 1: 
        [0, 72, 0]
        [0, 54, 0]
        [0, 31, 0]
        [0, 77, 0]
        [0, 53, 0]
        [0, 99, 0]
    Drone 2: 
        [0, 81, 96, 0]
        [0, 61, 0]
        [0, 50, 66, 0]
        [0, 97, 0]
    Drone 3: 
        [0, 47, 0]
        [0, 73, 0]
    Drone 4: 
        [0, 85, 71, 0]
        [0, 14, 76, 5, 0]
        [0, 42, 7, 9, 16, 0]
        [0, 39, 46, 0]
Solution 7:
    Served: 62
    Makespan: 4111.573691884351
    Truck 1: 
        [0, 62, 98, 52, 28, 15, 17, 26, 22, 67, 70, 92, 0]
    Truck 2: 
        [0, 63, 82, 0]
        [0, 13, 4, 0]
        [0, 88, 0]
    Truck 3: 
        [0, 90, 40, 2, 21, 32, 56, 60, 10, 78, 89, 20, 30, 94, 64, 23, 79, 0]
    Truck 4: 
        [0, 91, 8, 0]
        [0, 6, 0]
        [0, 27, 0]
        [0, 12, 0]
    Drone 1: 
        [0, 72, 0]
        [0, 54, 0]
        [0, 57, 0]
        [0, 97, 0]
        [0, 53, 0]
        [0, 99, 0]
    Drone 2: 
        [0, 81, 96, 0]
        [0, 61, 0]
        [0, 50, 66, 0]
    Drone 3: 
        [0, 47, 0]
        [0, 73, 0]
        [0, 42, 7, 9, 16, 0]
        [0, 39, 46, 0]
    Drone 4: 
        [0, 85, 71, 0]
        [0, 14, 76, 5, 31, 0]
Solution 8:
    Served: 62
    Makespan: 4111.573691884351
    Truck 1: 
        [0, 62, 98, 52, 28, 15, 17, 26, 22, 67, 70, 92, 0]
    Truck 2: 
        [0, 63, 82, 0]
        [0, 13, 4, 0]
        [0, 88, 0]
    Truck 3: 
        [0, 90, 40, 2, 21, 32, 56, 60, 10, 78, 89, 20, 30, 94, 64, 23, 79, 0]
    Truck 4: 
        [0, 91, 8, 0]
        [0, 27, 0]
        [0, 12, 0]
    Drone 1: 
        [0, 72, 0]
        [0, 54, 0]
        [0, 57, 0]
        [0, 77, 0]
        [0, 53, 0]
        [0, 39, 0]
    Drone 2: 
        [0, 81, 96, 0]
        [0, 61, 0]
        [0, 5, 0]
        [0, 6, 0]
        [0, 97, 0]
        [0, 99, 0]
    Drone 3: 
        [0, 47, 0]
        [0, 73, 0]
        [0, 50, 66, 0]
    Drone 4: 
        [0, 85, 71, 0]
        [0, 14, 76, 31, 0]
        [0, 42, 7, 9, 16, 0]
Solution 9:
    Served: 62
    Makespan: 4111.573691884351
    Truck 1: 
        [0, 62, 98, 52, 28, 15, 17, 26, 22, 67, 70, 92, 0]
    Truck 2: 
        [0, 63, 82, 0]
        [0, 13, 4, 0]
    Truck 3: 
        [0, 90, 40, 2, 21, 32, 56, 60, 10, 78, 89, 20, 30, 94, 64, 23, 79, 0]
    Truck 4: 
        [0, 91, 8, 0]
        [0, 27, 0]
    Drone 1: 
        [0, 72, 0]
        [0, 54, 0]
        [0, 57, 0]
        [0, 6, 0]
        [0, 97, 0]
        [0, 53, 0]
        [0, 88, 0]
    Drone 2: 
        [0, 81, 96, 0]
        [0, 61, 0]
        [0, 50, 66, 0]
        [0, 99, 0]
    Drone 3: 
        [0, 47, 0]
        [0, 73, 0]
        [0, 42, 7, 9, 16, 0]
        [0, 39, 46, 0]
    Drone 4: 
        [0, 85, 71, 0]
        [0, 14, 76, 5, 31, 0]
        [0, 12, 0]
Solution 10:
    Served: 62
    Makespan: 4111.573691884351
    Truck 1: 
        [0, 62, 98, 52, 28, 15, 17, 26, 22, 67, 70, 92, 0]
    Truck 2: 
        [0, 63, 82, 0]
        [0, 13, 4, 0]
        [0, 88, 0]
    Truck 3: 
        [0, 90, 40, 2, 21, 32, 56, 60, 10, 78, 89, 20, 30, 94, 64, 23, 79, 0]
    Truck 4: 
        [0, 91, 8, 0]
        [0, 6, 0]
        [0, 27, 0]
        [0, 12, 0]
    Drone 1: 
        [0, 72, 0]
        [0, 54, 0]
        [0, 31, 0]
        [0, 42, 7, 9, 16, 0]
        [0, 97, 0]
        [0, 53, 0]
        [0, 99, 0]
    Drone 2: 
        [0, 81, 96, 0]
        [0, 61, 0]
        [0, 50, 66, 0]
    Drone 3: 
        [0, 47, 0]
        [0, 73, 0]
        [0, 77, 0]
    Drone 4: 
        [0, 85, 71, 0]
        [0, 14, 76, 5, 0]
        [0, 39, 46, 0]
Solution 11:
    Served: 62
    Makespan: 4111.573691884351
    Truck 1: 
        [0, 62, 98, 52, 28, 15, 17, 26, 22, 67, 70, 92, 0]
    Truck 2: 
        [0, 63, 82, 0]
    Truck 3: 
        [0, 90, 40, 2, 21, 32, 56, 60, 10, 78, 89, 20, 30, 94, 64, 23, 79, 0]
    Truck 4: 
        [0, 91, 8, 0]
    Drone 1: 
        [0, 72, 0]
        [0, 54, 0]
        [0, 57, 0]
        [0, 13, 4, 0]
        [0, 27, 0]
        [0, 53, 0]
        [0, 88, 0]
    Drone 2: 
        [0, 81, 96, 0]
        [0, 61, 0]
        [0, 50, 66, 0]
        [0, 99, 0]
    Drone 3: 
        [0, 47, 0]
        [0, 73, 0]
        [0, 42, 7, 9, 16, 0]
        [0, 97, 0]
        [0, 39, 46, 0]
    Drone 4: 
        [0, 85, 71, 0]
        [0, 14, 76, 5, 31, 0]
        [0, 6, 0]
        [0, 12, 0]
Solution 12:
    Served: 62
    Makespan: 4111.573691884351
    Truck 1: 
        [0, 62, 98, 52, 28, 15, 17, 26, 22, 67, 70, 92, 0]
    Truck 2: 
        [0, 63, 82, 0]
        [0, 13, 4, 0]
        [0, 12, 0]
    Truck 3: 
        [0, 90, 40, 2, 21, 32, 56, 60, 10, 78, 89, 20, 30, 94, 64, 23, 79, 0]
    Truck 4: 
        [0, 91, 8, 0]
    Drone 1: 
        [0, 72, 0]
        [0, 54, 0]
        [0, 31, 5, 0]
        [0, 6, 0]
        [0, 27, 0]
        [0, 53, 0]
        [0, 88, 0]
    Drone 2: 
        [0, 81, 96, 0]
        [0, 61, 0]
        [0, 50, 66, 0]
        [0, 99, 0]
    Drone 3: 
        [0, 47, 0]
        [0, 73, 0]
        [0, 42, 7, 9, 16, 0]
    Drone 4: 
        [0, 85, 71, 0]
        [0, 14, 57, 0]
        [0, 77, 0]
        [0, 97, 0]
        [0, 39, 46, 0]
Solution 13:
    Served: 62
    Makespan: 4111.573691884351
    Truck 1: 
        [0, 62, 98, 52, 28, 15, 17, 26, 22, 67, 70, 92, 0]
    Truck 2: 
        [0, 63, 82, 0]
        [0, 6, 0]
    Truck 3: 
        [0, 90, 40, 2, 21, 32, 56, 60, 10, 78, 89, 20, 30, 94, 64, 23, 79, 0]
    Truck 4: 
        [0, 91, 8, 0]
    Drone 1: 
        [0, 72, 0]
        [0, 54, 0]
        [0, 31, 5, 0]
        [0, 13, 4, 0]
        [0, 97, 0]
        [0, 53, 0]
        [0, 88, 0]
    Drone 2: 
        [0, 81, 96, 0]
        [0, 61, 0]
        [0, 50, 66, 0]
        [0, 27, 0]
        [0, 99, 0]
    Drone 3: 
        [0, 47, 0]
        [0, 73, 0]
        [0, 42, 7, 9, 16, 0]
        [0, 12, 0]
    Drone 4: 
        [0, 85, 71, 0]
        [0, 14, 57, 0]
        [0, 77, 0]
        [0, 39, 46, 0]
Solution 14:
    Served: 62
    Makespan: 4111.573691884351
    Truck 1: 
        [0, 62, 98, 52, 28, 15, 17, 26, 22, 67, 70, 92, 0]
    Truck 2: 
        [0, 63, 82, 0]
        [0, 6, 0]
    Truck 3: 
        [0, 90, 40, 2, 21, 32, 56, 60, 10, 78, 89, 20, 30, 94, 64, 23, 79, 0]
    Truck 4: 
        [0, 91, 8, 0]
    Drone 1: 
        [0, 72, 0]
        [0, 54, 0]
        [0, 57, 0]
        [0, 13, 4, 0]
        [0, 97, 0]
        [0, 53, 0]
        [0, 88, 0]
    Drone 2: 
        [0, 81, 96, 0]
        [0, 61, 0]
        [0, 50, 66, 0]
        [0, 27, 0]
        [0, 99, 0]
    Drone 3: 
        [0, 47, 0]
        [0, 73, 0]
        [0, 77, 0]
        [0, 12, 0]
    Drone 4: 
        [0, 85, 71, 0]
        [0, 14, 76, 31, 0]
        [0, 42, 7, 9, 16, 0]
        [0, 39, 46, 0]
Solution 15:
    Served: 62
    Makespan: 4111.573691884351
    Truck 1: 
        [0, 62, 98, 52, 28, 15, 17, 26, 22, 67, 70, 92, 0]
    Truck 2: 
        [0, 63, 82, 0]
        [0, 6, 0]
    Truck 3: 
        [0, 90, 40, 2, 21, 32, 56, 60, 10, 78, 89, 20, 30, 94, 64, 23, 79, 0]
    Truck 4: 
        [0, 91, 8, 0]
    Drone 1: 
        [0, 72, 0]
        [0, 54, 0]
        [0, 57, 0]
        [0, 13, 4, 0]
        [0, 97, 0]
        [0, 53, 0]
        [0, 39, 0]
    Drone 2: 
        [0, 81, 96, 0]
        [0, 61, 0]
        [0, 50, 66, 0]
        [0, 27, 0]
        [0, 88, 0]
    Drone 3: 
        [0, 47, 0]
        [0, 73, 0]
        [0, 42, 7, 9, 16, 0]
        [0, 99, 0]
    Drone 4: 
        [0, 85, 71, 0]
        [0, 14, 76, 5, 31, 0]
        [0, 77, 0]
        [0, 12, 0]
Solution 16:
    Served: 62
    Makespan: 4111.573691884351
    Truck 1: 
        [0, 62, 98, 52, 28, 15, 17, 26, 22, 67, 70, 92, 0]
    Truck 2: 
        [0, 63, 82, 0]
    Truck 3: 
        [0, 90, 40, 2, 21, 32, 56, 60, 10, 78, 89, 20, 30, 94, 64, 23, 79, 0]
    Truck 4: 
        [0, 91, 8, 0]
    Drone 1: 
        [0, 72, 0]
        [0, 54, 0]
        [0, 57, 0]
        [0, 66, 13, 0]
        [0, 27, 0]
        [0, 53, 0]
        [0, 39, 0]
    Drone 2: 
        [0, 81, 96, 0]
        [0, 61, 0]
        [0, 31, 0]
        [0, 77, 6, 0]
        [0, 88, 0]
    Drone 3: 
        [0, 47, 0]
        [0, 73, 0]
        [0, 50, 0]
        [0, 4, 0]
        [0, 97, 0]
        [0, 99, 12, 0]
    Drone 4: 
        [0, 85, 71, 0]
        [0, 14, 76, 5, 0]
        [0, 42, 7, 9, 16, 0]
Solution 17:
    Served: 62
    Makespan: 4111.573691884351
    Truck 1: 
        [0, 62, 98, 52, 28, 15, 17, 26, 22, 67, 70, 92, 0]
    Truck 2: 
        [0, 63, 82, 0]
    Truck 3: 
        [0, 90, 40, 2, 21, 32, 56, 60, 10, 78, 89, 20, 30, 94, 64, 23, 79, 0]
    Truck 4: 
        [0, 91, 8, 0]
    Drone 1: 
        [0, 72, 0]
        [0, 54, 0]
        [0, 57, 0]
        [0, 13, 4, 0]
        [0, 97, 0]
        [0, 53, 0]
        [0, 88, 0]
    Drone 2: 
        [0, 81, 96, 0]
        [0, 61, 0]
        [0, 50, 66, 0]
        [0, 27, 0]
        [0, 99, 0]
    Drone 3: 
        [0, 47, 0]
        [0, 73, 0]
        [0, 42, 7, 9, 16, 0]
        [0, 39, 46, 0]
    Drone 4: 
        [0, 85, 71, 0]
        [0, 14, 76, 5, 31, 0]
        [0, 6, 0]
        [0, 12, 0]
Solution 18:
    Served: 62
    Makespan: 4111.573691884351
    Truck 1: 
        [0, 62, 98, 52, 28, 15, 17, 26, 22, 67, 70, 92, 0]
    Truck 2: 
        [0, 63, 82, 0]
        [0, 13, 4, 0]
    Truck 3: 
        [0, 90, 40, 2, 21, 32, 56, 60, 10, 78, 89, 20, 30, 94, 64, 23, 79, 0]
    Truck 4: 
        [0, 91, 8, 0]
        [0, 27, 0]
    Drone 1: 
        [0, 72, 0]
        [0, 54, 0]
        [0, 57, 0]
        [0, 6, 0]
        [0, 97, 0]
        [0, 53, 0]
        [0, 99, 0]
    Drone 2: 
        [0, 81, 96, 0]
        [0, 61, 0]
        [0, 50, 66, 0]
        [0, 12, 0]
    Drone 3: 
        [0, 47, 0]
        [0, 73, 0]
        [0, 42, 7, 9, 16, 0]
    Drone 4: 
        [0, 85, 71, 0]
        [0, 14, 76, 31, 0]
        [0, 77, 0]
        [0, 39, 46, 88, 0]
Solution 19:
    Served: 62
    Makespan: 4111.573691884351
    Truck 1: 
        [0, 62, 98, 52, 28, 15, 17, 26, 22, 67, 70, 92, 0]
    Truck 2: 
        [0, 63, 82, 0]
        [0, 6, 0]
    Truck 3: 
        [0, 90, 40, 2, 21, 32, 56, 60, 10, 78, 89, 20, 30, 94, 64, 23, 79, 0]
    Truck 4: 
        [0, 91, 8, 0]
    Drone 1: 
        [0, 72, 0]
        [0, 54, 0]
        [0, 57, 0]
        [0, 13, 4, 0]
        [0, 97, 0]
        [0, 53, 0]
        [0, 88, 0]
    Drone 2: 
        [0, 81, 96, 0]
        [0, 61, 0]
        [0, 50, 66, 0]
        [0, 27, 0]
        [0, 99, 0]
    Drone 3: 
        [0, 47, 0]
        [0, 73, 0]
        [0, 42, 7, 9, 16, 0]
        [0, 12, 0]
    Drone 4: 
        [0, 85, 71, 0]
        [0, 14, 76, 31, 0]
        [0, 77, 0]
        [0, 39, 46, 0]
Solution 20:
    Served: 62
    Makespan: 4111.573691884351
    Truck 1: 
        [0, 62, 98, 52, 28, 15, 17, 26, 22, 67, 70, 92, 0]
    Truck 2: 
        [0, 63, 82, 0]
        [0, 13, 4, 0]
        [0, 88, 0]
    Truck 3: 
        [0, 90, 40, 2, 21, 32, 56, 60, 10, 78, 89, 20, 30, 94, 64, 23, 79, 0]
    Truck 4: 
        [0, 91, 8, 0]
        [0, 6, 0]
        [0, 27, 0]
        [0, 12, 0]
    Drone 1: 
        [0, 72, 0]
        [0, 54, 0]
        [0, 57, 0]
        [0, 97, 0]
        [0, 53, 0]
        [0, 39, 0]
    Drone 2: 
        [0, 81, 96, 0]
        [0, 61, 0]
        [0, 50, 66, 0]
        [0, 99, 0]
    Drone 3: 
        [0, 47, 0]
        [0, 73, 0]
        [0, 42, 7, 9, 16, 0]
    Drone 4: 
        [0, 85, 71, 0]
        [0, 14, 76, 5, 31, 0]
        [0, 77, 0]
Solution 21:
    Served: 62
    Makespan: 4111.573691884351
    Truck 1: 
        [0, 62, 98, 52, 28, 15, 17, 26, 22, 67, 70, 92, 0]
    Truck 2: 
        [0, 63, 82, 0]
        [0, 13, 4, 0]
        [0, 12, 0]
    Truck 3: 
        [0, 90, 40, 2, 21, 32, 56, 60, 10, 78, 89, 20, 30, 94, 64, 23, 79, 0]
    Truck 4: 
        [0, 91, 8, 0]
        [0, 6, 0]
        [0, 27, 0]
    Drone 1: 
        [0, 72, 0]
        [0, 54, 0]
        [0, 57, 0]
        [0, 53, 0]
        [0, 88, 0]
    Drone 2: 
        [0, 81, 96, 0]
        [0, 61, 0]
        [0, 50, 66, 0]
        [0, 99, 0]
    Drone 3: 
        [0, 47, 0]
        [0, 73, 0]
        [0, 42, 7, 9, 16, 0]
        [0, 97, 0]
        [0, 39, 46, 0]
    Drone 4: 
        [0, 85, 71, 0]
        [0, 14, 76, 5, 31, 0]
Solution 22:
    Served: 62
    Makespan: 4111.573691884351
    Truck 1: 
        [0, 62, 98, 52, 28, 15, 17, 26, 22, 67, 70, 92, 0]
    Truck 2: 
        [0, 63, 82, 0]
        [0, 13, 4, 0]
    Truck 3: 
        [0, 90, 40, 2, 21, 32, 56, 60, 10, 78, 89, 20, 30, 94, 64, 23, 79, 0]
    Truck 4: 
        [0, 91, 8, 0]
        [0, 6, 0]
        [0, 27, 0]
    Drone 1: 
        [0, 72, 0]
        [0, 54, 0]
        [0, 31, 0]
        [0, 77, 0]
        [0, 53, 0]
        [0, 88, 0]
    Drone 2: 
        [0, 81, 96, 0]
        [0, 61, 0]
        [0, 50, 66, 0]
        [0, 97, 0]
        [0, 99, 0]
    Drone 3: 
        [0, 47, 0]
        [0, 73, 0]
        [0, 12, 0]
    Drone 4: 
        [0, 85, 71, 0]
        [0, 14, 76, 5, 0]
        [0, 42, 7, 9, 16, 0]
        [0, 39, 46, 0]
Solution 23:
    Served: 62
    Makespan: 4111.573691884351
    Truck 1: 
        [0, 62, 98, 52, 28, 15, 17, 26, 22, 67, 70, 92, 0]
    Truck 2: 
        [0, 63, 82, 0]
        [0, 13, 4, 0]
        [0, 88, 0]
    Truck 3: 
        [0, 90, 40, 2, 21, 32, 56, 60, 10, 78, 89, 20, 30, 94, 64, 23, 79, 0]
    Truck 4: 
        [0, 91, 8, 0]
        [0, 27, 0]
        [0, 12, 0]
    Drone 1: 
        [0, 72, 81, 0]
        [0, 61, 76, 0]
        [0, 50, 66, 0]
        [0, 97, 0]
        [0, 53, 0]
        [0, 39, 0]
    Drone 2: 
        [0, 47, 0]
        [0, 73, 0]
        [0, 42, 7, 9, 16, 0]
        [0, 99, 0]
    Drone 3: 
        [0, 85, 71, 0]
        [0, 14, 57, 0]
        [0, 77, 0]
    Drone 4: 
        [0, 54, 49, 0]
        [0, 31, 5, 0]
        [0, 6, 0]
Solution 24:
    Served: 62
    Makespan: 4111.573691884351
    Truck 1: 
        [0, 62, 98, 52, 28, 15, 17, 26, 22, 67, 70, 92, 0]
    Truck 2: 
        [0, 63, 82, 0]
    Truck 3: 
        [0, 90, 40, 2, 21, 32, 56, 60, 10, 78, 89, 20, 30, 94, 64, 23, 79, 0]
    Truck 4: 
        [0, 91, 8, 0]
    Drone 1: 
        [0, 72, 0]
        [0, 54, 0]
        [0, 57, 0]
        [0, 13, 4, 0]
        [0, 97, 0]
        [0, 53, 0]
        [0, 88, 0]
    Drone 2: 
        [0, 81, 96, 0]
        [0, 61, 0]
        [0, 5, 0]
        [0, 6, 0]
        [0, 27, 0]
        [0, 99, 0]
    Drone 3: 
        [0, 47, 0]
        [0, 73, 0]
        [0, 50, 66, 0]
        [0, 12, 0]
    Drone 4: 
        [0, 85, 71, 0]
        [0, 14, 76, 31, 0]
        [0, 42, 7, 9, 16, 0]
        [0, 39, 46, 0]
Solution 25:
    Served: 62
    Makespan: 4111.573691884351
    Truck 1: 
        [0, 62, 98, 52, 28, 15, 17, 26, 22, 67, 70, 92, 0]
    Truck 2: 
        [0, 63, 82, 0]
    Truck 3: 
        [0, 90, 40, 2, 21, 32, 56, 60, 10, 78, 89, 20, 30, 94, 64, 23, 79, 0]
    Truck 4: 
        [0, 91, 8, 0]
    Drone 1: 
        [0, 72, 0]
        [0, 54, 0]
        [0, 31, 5, 0]
        [0, 13, 4, 0]
        [0, 97, 0]
        [0, 53, 0]
        [0, 88, 0]
    Drone 2: 
        [0, 81, 96, 0]
        [0, 61, 0]
        [0, 50, 66, 0]
        [0, 6, 0]
        [0, 27, 0]
        [0, 99, 0]
    Drone 3: 
        [0, 47, 0]
        [0, 73, 0]
        [0, 77, 0]
        [0, 12, 0]
    Drone 4: 
        [0, 85, 71, 0]
        [0, 14, 76, 0]
        [0, 42, 7, 9, 16, 0]
        [0, 39, 46, 0]
Solution 26:
    Served: 62
    Makespan: 4111.573691884351
    Truck 1: 
        [0, 62, 98, 52, 28, 15, 17, 26, 22, 67, 70, 92, 0]
    Truck 2: 
        [0, 63, 82, 0]
        [0, 13, 4, 0]
        [0, 88, 0]
    Truck 3: 
        [0, 90, 40, 2, 21, 32, 56, 60, 10, 78, 89, 20, 30, 94, 64, 23, 79, 0]
    Truck 4: 
        [0, 91, 8, 0]
        [0, 6, 0]
        [0, 27, 0]
        [0, 12, 0]
    Drone 1: 
        [0, 72, 0]
        [0, 54, 0]
        [0, 57, 0]
        [0, 97, 0]
        [0, 53, 0]
        [0, 99, 0]
    Drone 2: 
        [0, 81, 96, 0]
        [0, 61, 0]
        [0, 50, 66, 0]
    Drone 3: 
        [0, 47, 0]
        [0, 73, 0]
        [0, 42, 7, 9, 16, 0]
    Drone 4: 
        [0, 85, 71, 0]
        [0, 14, 76, 31, 0]
        [0, 77, 0]
        [0, 39, 46, 0]
Solution 27:
    Served: 62
    Makespan: 4111.573691884351
    Truck 1: 
        [0, 62, 98, 52, 28, 15, 17, 26, 22, 67, 70, 92, 0]
    Truck 2: 
        [0, 63, 82, 0]
        [0, 6, 0]
    Truck 3: 
        [0, 90, 40, 2, 21, 32, 56, 60, 10, 78, 89, 20, 30, 94, 64, 23, 79, 0]
    Truck 4: 
        [0, 91, 8, 0]
    Drone 1: 
        [0, 72, 81, 0]
        [0, 61, 76, 0]
        [0, 50, 66, 0]
        [0, 97, 0]
        [0, 53, 0]
        [0, 39, 0]
    Drone 2: 
        [0, 47, 0]
        [0, 73, 0]
        [0, 42, 7, 9, 16, 0]
        [0, 27, 0]
        [0, 88, 0]
    Drone 3: 
        [0, 85, 71, 0]
        [0, 14, 57, 0]
        [0, 77, 0]
        [0, 99, 0]
    Drone 4: 
        [0, 54, 49, 0]
        [0, 31, 5, 0]
        [0, 13, 4, 0]
        [0, 12, 0]
Solution 28:
    Served: 62
    Makespan: 4111.573691884351
    Truck 1: 
        [0, 62, 98, 52, 28, 15, 17, 26, 22, 67, 70, 92, 0]
    Truck 2: 
        [0, 63, 82, 0]
        [0, 13, 4, 0]
        [0, 88, 0]
    Truck 3: 
        [0, 90, 40, 2, 21, 32, 56, 60, 10, 78, 89, 20, 30, 94, 64, 23, 79, 0]
    Truck 4: 
        [0, 91, 8, 0]
        [0, 6, 0]
        [0, 27, 0]
        [0, 12, 0]
    Drone 1: 
        [0, 72, 81, 0]
        [0, 61, 76, 0]
        [0, 50, 66, 0]
        [0, 97, 0]
        [0, 53, 0]
        [0, 39, 0]
    Drone 2: 
        [0, 47, 0]
        [0, 73, 0]
        [0, 42, 7, 9, 16, 0]
        [0, 99, 0]
    Drone 3: 
        [0, 85, 71, 0]
        [0, 14, 57, 0]
        [0, 77, 0]
    Drone 4: 
        [0, 54, 49, 0]
        [0, 31, 5, 0]
Solution 29:
    Served: 62
    Makespan: 4111.573691884351
    Truck 1: 
        [0, 62, 98, 52, 28, 15, 17, 26, 22, 67, 70, 92, 0]
    Truck 2: 
        [0, 63, 82, 0]
        [0, 13, 4, 0]
    Truck 3: 
        [0, 90, 40, 2, 21, 32, 56, 60, 10, 78, 89, 20, 30, 94, 64, 23, 79, 0]
    Truck 4: 
        [0, 91, 8, 0]
    Drone 1: 
        [0, 72, 0]
        [0, 54, 0]
        [0, 57, 0]
        [0, 6, 0]
        [0, 97, 0]
        [0, 53, 0]
        [0, 88, 0]
    Drone 2: 
        [0, 81, 96, 0]
        [0, 61, 0]
        [0, 5, 0]
        [0, 27, 0]
        [0, 99, 0]
    Drone 3: 
        [0, 47, 0]
        [0, 73, 0]
        [0, 50, 66, 0]
        [0, 12, 0]
    Drone 4: 
        [0, 85, 71, 0]
        [0, 14, 76, 31, 0]
        [0, 42, 7, 9, 16, 0]
        [0, 39, 46, 0]
Solution 30:
    Served: 62
    Makespan: 4111.573691884351
    Truck 1: 
        [0, 62, 98, 52, 28, 15, 17, 26, 22, 67, 70, 92, 0]
    Truck 2: 
        [0, 63, 82, 0]
        [0, 13, 4, 0]
        [0, 88, 0]
    Truck 3: 
        [0, 90, 40, 2, 21, 32, 56, 60, 10, 78, 89, 20, 30, 94, 64, 23, 79, 0]
    Truck 4: 
        [0, 91, 8, 0]
        [0, 27, 0]
    Drone 1: 
        [0, 72, 0]
        [0, 54, 0]
        [0, 57, 0]
        [0, 6, 0]
        [0, 97, 0]
        [0, 53, 0]
        [0, 99, 0]
    Drone 2: 
        [0, 81, 96, 0]
        [0, 61, 0]
        [0, 50, 66, 0]
        [0, 12, 0]
    Drone 3: 
        [0, 47, 0]
        [0, 73, 0]
        [0, 42, 7, 9, 16, 0]
        [0, 39, 46, 0]
    Drone 4: 
        [0, 85, 71, 0]
        [0, 14, 76, 5, 31, 0]
Solution 31:
    Served: 62
    Makespan: 4111.573691884351
    Truck 1: 
        [0, 62, 98, 52, 28, 15, 17, 26, 22, 67, 70, 92, 0]
    Truck 2: 
        [0, 63, 82, 0]
        [0, 13, 4, 0]
    Truck 3: 
        [0, 90, 40, 2, 21, 32, 56, 60, 10, 78, 89, 20, 30, 94, 64, 23, 79, 0]
    Truck 4: 
        [0, 91, 8, 0]
    Drone 1: 
        [0, 72, 0]
        [0, 54, 0]
        [0, 57, 0]
        [0, 6, 0]
        [0, 97, 0]
        [0, 53, 0]
        [0, 88, 0]
    Drone 2: 
        [0, 81, 96, 0]
        [0, 61, 0]
        [0, 50, 66, 0]
        [0, 27, 0]
        [0, 99, 0]
    Drone 3: 
        [0, 47, 0]
        [0, 73, 0]
        [0, 42, 7, 9, 16, 0]
        [0, 39, 46, 0]
    Drone 4: 
        [0, 85, 71, 0]
        [0, 14, 76, 5, 31, 0]
        [0, 12, 0]
Solution 32:
    Served: 62
    Makespan: 4111.573691884351
    Truck 1: 
        [0, 62, 98, 52, 28, 15, 17, 26, 22, 67, 70, 92, 0]
    Truck 2: 
        [0, 63, 82, 0]
    Truck 3: 
        [0, 90, 40, 2, 21, 32, 56, 60, 10, 78, 89, 20, 30, 94, 64, 23, 79, 0]
    Truck 4: 
        [0, 91, 8, 0]
    Drone 1: 
        [0, 72, 0]
        [0, 54, 0]
        [0, 57, 0]
        [0, 13, 4, 0]
        [0, 27, 0]
        [0, 53, 0]
        [0, 99, 0]
    Drone 2: 
        [0, 81, 96, 0]
        [0, 61, 0]
        [0, 50, 66, 0]
        [0, 6, 0]
        [0, 12, 0]
    Drone 3: 
        [0, 47, 0]
        [0, 73, 0]
        [0, 77, 0]
    Drone 4: 
        [0, 85, 71, 0]
        [0, 14, 76, 31, 0]
        [0, 42, 7, 9, 16, 0]
        [0, 97, 0]
        [0, 39, 46, 88, 0]
Solution 33:
    Served: 62
    Makespan: 4111.573691884351
    Truck 1: 
        [0, 62, 98, 52, 28, 15, 17, 26, 22, 67, 70, 92, 0]
    Truck 2: 
        [0, 63, 82, 0]
        [0, 13, 4, 0]
        [0, 88, 0]
    Truck 3: 
        [0, 90, 40, 2, 21, 32, 56, 60, 10, 78, 89, 20, 30, 94, 64, 23, 79, 0]
    Truck 4: 
        [0, 91, 8, 0]
        [0, 6, 0]
        [0, 27, 0]
        [0, 12, 0]
    Drone 1: 
        [0, 72, 0]
        [0, 54, 0]
        [0, 31, 0]
        [0, 42, 7, 9, 16, 0]
        [0, 39, 46, 0]
    Drone 2: 
        [0, 81, 96, 0]
        [0, 61, 0]
        [0, 50, 66, 0]
        [0, 99, 0]
    Drone 3: 
        [0, 47, 0]
        [0, 73, 0]
        [0, 77, 0]
    Drone 4: 
        [0, 85, 71, 0]
        [0, 14, 76, 5, 0]
        [0, 97, 0]
        [0, 53, 0]
Solution 34:
    Served: 62
    Makespan: 4111.573691884351
    Truck 1: 
        [0, 62, 98, 52, 28, 15, 17, 26, 22, 67, 70, 92, 0]
    Truck 2: 
        [0, 63, 82, 0]
        [0, 13, 4, 0]
    Truck 3: 
        [0, 90, 40, 2, 21, 32, 56, 60, 10, 78, 89, 20, 30, 94, 64, 23, 79, 0]
    Truck 4: 
        [0, 91, 8, 0]
        [0, 6, 0]
        [0, 27, 0]
    Drone 1: 
        [0, 72, 0]
        [0, 54, 0]
        [0, 31, 0]
        [0, 42, 7, 9, 16, 0]
        [0, 39, 46, 0]
    Drone 2: 
        [0, 81, 96, 0]
        [0, 61, 0]
        [0, 50, 66, 0]
        [0, 99, 0]
    Drone 3: 
        [0, 47, 0]
        [0, 73, 0]
        [0, 77, 0]
    Drone 4: 
        [0, 85, 71, 0]
        [0, 14, 76, 5, 0]
        [0, 97, 0]
        [0, 53, 0]
        [0, 88, 0]
        [0, 12, 0]
Solution 35:
    Served: 62
    Makespan: 4111.573691884351
    Truck 1: 
        [0, 62, 98, 52, 28, 15, 17, 26, 22, 67, 70, 92, 0]
    Truck 2: 
        [0, 63, 82, 0]
        [0, 13, 4, 0]
    Truck 3: 
        [0, 90, 40, 2, 21, 32, 56, 60, 10, 78, 89, 20, 30, 94, 64, 23, 79, 0]
    Truck 4: 
        [0, 91, 8, 0]
        [0, 6, 0]
        [0, 27, 0]
    Drone 1: 
        [0, 72, 0]
        [0, 54, 0]
        [0, 31, 0]
        [0, 42, 7, 9, 16, 0]
        [0, 97, 0]
        [0, 53, 0]
        [0, 88, 0]
    Drone 2: 
        [0, 81, 96, 0]
        [0, 61, 0]
        [0, 50, 66, 0]
        [0, 99, 0]
    Drone 3: 
        [0, 47, 0]
        [0, 73, 0]
        [0, 77, 0]
        [0, 12, 0]
    Drone 4: 
        [0, 85, 71, 0]
        [0, 14, 76, 5, 0]
        [0, 39, 46, 0]
Solution 36:
    Served: 62
    Makespan: 4111.573691884351
    Truck 1: 
        [0, 62, 98, 52, 28, 15, 17, 26, 22, 67, 70, 92, 0]
    Truck 2: 
        [0, 63, 82, 0]
        [0, 13, 4, 0]
        [0, 88, 0]
    Truck 3: 
        [0, 90, 40, 2, 21, 32, 56, 60, 10, 78, 89, 20, 30, 94, 64, 23, 79, 0]
    Truck 4: 
        [0, 91, 8, 0]
        [0, 27, 0]
        [0, 12, 0]
    Drone 1: 
        [0, 72, 0]
        [0, 54, 0]
        [0, 57, 0]
        [0, 53, 0]
        [0, 99, 0]
    Drone 2: 
        [0, 81, 96, 0]
        [0, 61, 0]
        [0, 31, 5, 0]
    Drone 3: 
        [0, 47, 0]
        [0, 73, 0]
        [0, 50, 66, 0]
    Drone 4: 
        [0, 85, 71, 0]
        [0, 14, 76, 0]
        [0, 42, 7, 9, 16, 6, 0]
        [0, 97, 0]
        [0, 39, 46, 0]
Solution 37:
    Served: 62
    Makespan: 4111.573691884351
    Truck 1: 
        [0, 62, 98, 52, 28, 15, 17, 26, 22, 67, 70, 92, 0]
    Truck 2: 
        [0, 63, 82, 0]
    Truck 3: 
        [0, 90, 40, 2, 21, 32, 56, 60, 10, 78, 89, 20, 30, 94, 64, 23, 79, 0]
    Truck 4: 
        [0, 91, 8, 0]
    Drone 1: 
        [0, 72, 0]
        [0, 54, 0]
        [0, 57, 0]
        [0, 77, 0]
        [0, 27, 0]
        [0, 53, 0]
        [0, 39, 0]
    Drone 2: 
        [0, 81, 96, 0]
        [0, 61, 0]
        [0, 5, 0]
        [0, 13, 4, 0]
        [0, 97, 0]
        [0, 88, 0]
    Drone 3: 
        [0, 47, 0]
        [0, 73, 0]
        [0, 50, 66, 0]
        [0, 6, 0]
        [0, 99, 0]
    Drone 4: 
        [0, 85, 71, 0]
        [0, 14, 76, 31, 0]
        [0, 42, 7, 9, 16, 0]
        [0, 12, 0]
Solution 38:
    Served: 62
    Makespan: 4111.573691884351
    Truck 1: 
        [0, 62, 98, 52, 28, 15, 17, 26, 22, 67, 70, 92, 0]
    Truck 2: 
        [0, 63, 82, 0]
        [0, 13, 4, 0]
        [0, 88, 0]
    Truck 3: 
        [0, 90, 40, 2, 21, 32, 56, 60, 10, 78, 89, 20, 30, 94, 64, 23, 79, 0]
    Truck 4: 
        [0, 91, 8, 0]
        [0, 6, 0]
        [0, 27, 0]
        [0, 12, 0]
    Drone 1: 
        [0, 72, 81, 0]
        [0, 61, 76, 0]
        [0, 50, 66, 0]
        [0, 53, 0]
        [0, 99, 0]
    Drone 2: 
        [0, 47, 0]
        [0, 73, 0]
        [0, 42, 7, 9, 16, 0]
        [0, 97, 0]
        [0, 39, 46, 0]
    Drone 3: 
        [0, 85, 71, 0]
        [0, 14, 57, 0]
    Drone 4: 
        [0, 54, 49, 0]
        [0, 31, 5, 0]
Solution 39:
    Served: 62
    Makespan: 4111.573691884351
    Truck 1: 
        [0, 62, 98, 52, 28, 15, 17, 26, 22, 67, 70, 92, 0]
    Truck 2: 
        [0, 63, 82, 0]
    Truck 3: 
        [0, 90, 40, 2, 21, 32, 56, 60, 10, 78, 89, 20, 30, 94, 64, 23, 79, 0]
    Truck 4: 
        [0, 91, 8, 0]
    Drone 1: 
        [0, 72, 0]
        [0, 54, 0]
        [0, 57, 0]
        [0, 66, 0]
        [0, 97, 0]
        [0, 53, 0]
        [0, 88, 0]
    Drone 2: 
        [0, 81, 96, 0]
        [0, 61, 0]
        [0, 5, 0]
        [0, 13, 4, 0]
        [0, 27, 0]
        [0, 99, 0]
    Drone 3: 
        [0, 47, 0]
        [0, 73, 0]
        [0, 50, 0]
        [0, 6, 0]
        [0, 12, 0]
    Drone 4: 
        [0, 85, 71, 0]
        [0, 14, 76, 31, 0]
        [0, 42, 7, 9, 16, 0]
        [0, 39, 46, 0]
Solution 40:
    Served: 62
    Makespan: 4111.573691884351
    Truck 1: 
        [0, 62, 98, 52, 28, 15, 17, 26, 22, 67, 70, 92, 0]
    Truck 2: 
        [0, 63, 82, 0]
        [0, 13, 4, 0]
        [0, 88, 0]
    Truck 3: 
        [0, 90, 40, 2, 21, 32, 56, 60, 10, 78, 89, 20, 30, 94, 64, 23, 79, 0]
    Truck 4: 
        [0, 91, 8, 0]
        [0, 6, 0]
        [0, 27, 0]
        [0, 12, 0]
    Drone 1: 
        [0, 72, 0]
        [0, 54, 0]
        [0, 31, 5, 0]
        [0, 53, 0]
        [0, 99, 0]
    Drone 2: 
        [0, 81, 96, 0]
        [0, 61, 0]
        [0, 50, 66, 0]
    Drone 3: 
        [0, 47, 0]
        [0, 73, 0]
        [0, 42, 7, 9, 16, 0]
    Drone 4: 
        [0, 85, 71, 0]
        [0, 14, 57, 0]
        [0, 77, 0]
        [0, 97, 0]
        [0, 39, 46, 0]
Solution 41:
    Served: 62
    Makespan: 4111.573691884351
    Truck 1: 
        [0, 62, 98, 52, 28, 15, 17, 26, 22, 67, 70, 92, 0]
    Truck 2: 
        [0, 63, 82, 0]
    Truck 3: 
        [0, 90, 40, 2, 21, 32, 56, 60, 10, 78, 89, 20, 30, 94, 64, 23, 79, 0]
    Truck 4: 
        [0, 91, 8, 0]
    Drone 1: 
        [0, 72, 0]
        [0, 54, 0]
        [0, 57, 0]
        [0, 13, 4, 0]
        [0, 97, 0]
        [0, 53, 0]
        [0, 88, 0]
    Drone 2: 
        [0, 81, 96, 0]
        [0, 61, 0]
        [0, 50, 66, 0]
        [0, 6, 0]
        [0, 27, 0]
        [0, 99, 0]
    Drone 3: 
        [0, 47, 0]
        [0, 73, 0]
        [0, 42, 9, 7, 0]
        [0, 39, 46, 0]
    Drone 4: 
        [0, 85, 71, 0]
        [0, 14, 76, 5, 31, 0]
        [0, 77, 0]
        [0, 12, 0]
Solution 42:
    Served: 62
    Makespan: 4111.573691884351
    Truck 1: 
        [0, 62, 98, 52, 28, 15, 17, 26, 22, 67, 70, 92, 0]
    Truck 2: 
        [0, 63, 82, 0]
    Truck 3: 
        [0, 90, 40, 2, 21, 32, 56, 60, 10, 78, 89, 20, 30, 94, 64, 23, 79, 0]
    Truck 4: 
        [0, 91, 8, 0]
    Drone 1: 
        [0, 72, 0]
        [0, 54, 0]
        [0, 57, 0]
        [0, 77, 0]
        [0, 27, 0]
        [0, 53, 0]
        [0, 88, 0]
    Drone 2: 
        [0, 81, 96, 0]
        [0, 61, 0]
        [0, 5, 0]
        [0, 13, 4, 0]
        [0, 97, 0]
        [0, 99, 0]
    Drone 3: 
        [0, 47, 0]
        [0, 73, 0]
        [0, 50, 66, 0]
        [0, 6, 0]
        [0, 12, 0]
    Drone 4: 
        [0, 85, 71, 0]
        [0, 14, 76, 31, 0]
        [0, 42, 9, 16, 0]
        [0, 39, 46, 0]
Solution 43:
    Served: 62
    Makespan: 4111.573691884351
    Truck 1: 
        [0, 62, 98, 52, 28, 15, 17, 26, 22, 67, 70, 92, 0]
    Truck 2: 
        [0, 63, 82, 0]
        [0, 13, 4, 0]
        [0, 88, 0]
    Truck 3: 
        [0, 90, 40, 2, 21, 32, 56, 60, 10, 78, 89, 20, 30, 94, 64, 23, 79, 0]
    Truck 4: 
        [0, 91, 8, 0]
        [0, 6, 0]
        [0, 27, 0]
        [0, 12, 0]
    Drone 1: 
        [0, 72, 81, 0]
        [0, 61, 76, 0]
        [0, 50, 66, 0]
        [0, 97, 0]
        [0, 39, 46, 0]
    Drone 2: 
        [0, 47, 0]
        [0, 73, 0]
        [0, 42, 7, 9, 16, 0]
        [0, 53, 0]
    Drone 3: 
        [0, 85, 71, 0]
        [0, 14, 57, 0]
        [0, 99, 0]
    Drone 4: 
        [0, 54, 49, 0]
        [0, 31, 5, 0]
Solution 44:
    Served: 62
    Makespan: 4111.573691884351
    Truck 1: 
        [0, 62, 98, 52, 28, 15, 17, 26, 22, 67, 70, 92, 0]
    Truck 2: 
        [0, 63, 82, 0]
        [0, 13, 4, 0]
        [0, 12, 0]
    Truck 3: 
        [0, 90, 40, 2, 21, 32, 56, 60, 10, 78, 89, 20, 30, 94, 64, 23, 79, 0]
    Truck 4: 
        [0, 91, 8, 0]
        [0, 6, 0]
        [0, 27, 0]
    Drone 1: 
        [0, 72, 0]
        [0, 54, 0]
        [0, 57, 0]
        [0, 77, 0]
        [0, 53, 0]
        [0, 39, 0]
    Drone 2: 
        [0, 81, 96, 0]
        [0, 61, 0]
        [0, 5, 0]
        [0, 97, 0]
        [0, 88, 0]
    Drone 3: 
        [0, 47, 0]
        [0, 73, 0]
        [0, 50, 66, 0]
        [0, 99, 0]
    Drone 4: 
        [0, 85, 71, 0]
        [0, 14, 76, 31, 0]
        [0, 42, 7, 9, 16, 0]
Solution 45:
    Served: 62
    Makespan: 4111.573691884351
    Truck 1: 
        [0, 62, 98, 52, 28, 15, 17, 26, 22, 67, 70, 92, 0]
    Truck 2: 
        [0, 63, 82, 0]
        [0, 13, 4, 0]
        [0, 88, 0]
    Truck 3: 
        [0, 90, 40, 2, 21, 32, 56, 60, 10, 78, 89, 20, 30, 94, 64, 23, 79, 0]
    Truck 4: 
        [0, 91, 8, 0]
        [0, 6, 0]
        [0, 27, 0]
        [0, 12, 0]
    Drone 1: 
        [0, 72, 0]
        [0, 54, 0]
        [0, 31, 0]
        [0, 42, 7, 9, 16, 0]
        [0, 53, 0]
        [0, 99, 0]
    Drone 2: 
        [0, 81, 96, 0]
        [0, 61, 0]
        [0, 50, 66, 0]
    Drone 3: 
        [0, 47, 0]
        [0, 73, 0]
        [0, 77, 0]
    Drone 4: 
        [0, 85, 71, 0]
        [0, 14, 76, 5, 0]
        [0, 97, 0]
        [0, 39, 46, 0]
Solution 46:
    Served: 62
    Makespan: 4111.573691884351
    Truck 1: 
        [0, 62, 98, 52, 28, 15, 17, 26, 22, 67, 70, 92, 0]
    Truck 2: 
        [0, 63, 82, 0]
        [0, 13, 4, 0]
    Truck 3: 
        [0, 90, 40, 2, 21, 32, 56, 60, 10, 78, 89, 20, 30, 94, 64, 23, 79, 0]
    Truck 4: 
        [0, 91, 8, 0]
        [0, 6, 0]
    Drone 1: 
        [0, 72, 0]
        [0, 54, 0]
        [0, 57, 0]
        [0, 97, 0]
        [0, 53, 0]
        [0, 88, 0]
    Drone 2: 
        [0, 81, 96, 0]
        [0, 61, 0]
        [0, 50, 66, 0]
        [0, 27, 0]
        [0, 99, 0]
    Drone 3: 
        [0, 47, 0]
        [0, 73, 0]
        [0, 42, 7, 9, 16, 0]
        [0, 39, 46, 0]
    Drone 4: 
        [0, 85, 71, 0]
        [0, 14, 76, 5, 31, 0]
        [0, 12, 0]
Solution 47:
    Served: 62
    Makespan: 4111.573691884351
    Truck 1: 
        [0, 62, 98, 52, 28, 15, 17, 26, 22, 67, 70, 92, 0]
    Truck 2: 
        [0, 63, 82, 0]
        [0, 13, 4, 0]
    Truck 3: 
        [0, 90, 40, 2, 21, 32, 56, 60, 10, 78, 89, 20, 30, 94, 64, 23, 79, 0]
    Truck 4: 
        [0, 91, 8, 0]
        [0, 27, 0]
    Drone 1: 
        [0, 72, 0]
        [0, 54, 0]
        [0, 31, 5, 0]
        [0, 6, 0]
        [0, 53, 0]
        [0, 88, 0]
    Drone 2: 
        [0, 81, 96, 0]
        [0, 61, 0]
        [0, 50, 66, 0]
        [0, 99, 0]
    Drone 3: 
        [0, 47, 0]
        [0, 73, 0]
        [0, 42, 7, 9, 16, 0]
        [0, 12, 0]
    Drone 4: 
        [0, 85, 71, 0]
        [0, 14, 57, 0]
        [0, 77, 0]
        [0, 97, 0]
        [0, 39, 46, 0]
Solution 48:
    Served: 62
    Makespan: 4111.573691884351
    Truck 1: 
        [0, 62, 98, 52, 28, 15, 17, 26, 22, 67, 70, 92, 0]
    Truck 2: 
        [0, 63, 82, 0]
        [0, 13, 4, 0]
        [0, 12, 0]
    Truck 3: 
        [0, 90, 40, 2, 21, 32, 56, 60, 10, 78, 89, 20, 30, 94, 64, 23, 79, 0]
    Truck 4: 
        [0, 91, 8, 0]
        [0, 27, 0]
    Drone 1: 
        [0, 72, 0]
        [0, 54, 0]
        [0, 31, 5, 0]
        [0, 6, 0]
        [0, 97, 0]
        [0, 53, 0]
        [0, 88, 0]
    Drone 2: 
        [0, 81, 96, 0]
        [0, 61, 0]
        [0, 50, 66, 0]
        [0, 99, 0]
    Drone 3: 
        [0, 47, 0]
        [0, 73, 0]
        [0, 77, 0]
    Drone 4: 
        [0, 85, 71, 0]
        [0, 14, 76, 0]
        [0, 42, 7, 9, 16, 0]
        [0, 39, 46, 0]
Solution 49:
    Served: 62
    Makespan: 4111.573691884351
    Truck 1: 
        [0, 62, 98, 52, 28, 15, 17, 26, 22, 67, 70, 92, 0]
    Truck 2: 
        [0, 63, 82, 0]
        [0, 13, 4, 0]
    Truck 3: 
        [0, 90, 40, 2, 21, 32, 56, 60, 10, 78, 89, 20, 30, 94, 64, 23, 79, 0]
    Truck 4: 
        [0, 91, 8, 0]
    Drone 1: 
        [0, 72, 0]
        [0, 54, 0]
        [0, 31, 5, 0]
        [0, 6, 0]
        [0, 27, 0]
        [0, 53, 0]
        [0, 88, 0]
    Drone 2: 
        [0, 81, 96, 0]
        [0, 61, 0]
        [0, 50, 66, 0]
        [0, 99, 0]
    Drone 3: 
        [0, 47, 0]
        [0, 73, 0]
        [0, 42, 7, 9, 16, 0]
        [0, 12, 0]
    Drone 4: 
        [0, 85, 71, 0]
        [0, 14, 57, 0]
        [0, 77, 0]
        [0, 97, 0]
        [0, 39, 46, 0]
Solution 50:
    Served: 62
    Makespan: 4111.573691884351
    Truck 1: 
        [0, 62, 98, 52, 28, 15, 17, 26, 22, 67, 70, 92, 0]
    Truck 2: 
        [0, 63, 82, 0]
        [0, 13, 4, 0]
    Truck 3: 
        [0, 90, 40, 2, 21, 32, 56, 60, 10, 78, 89, 20, 30, 94, 64, 23, 79, 0]
    Truck 4: 
        [0, 91, 8, 0]
        [0, 27, 0]
    Drone 1: 
        [0, 72, 0]
        [0, 54, 0]
        [0, 31, 5, 0]
        [0, 6, 0]
        [0, 97, 0]
        [0, 53, 0]
        [0, 88, 0]
    Drone 2: 
        [0, 81, 96, 0]
        [0, 61, 0]
        [0, 50, 66, 0]
        [0, 99, 0]
    Drone 3: 
        [0, 47, 0]
        [0, 73, 0]
        [0, 77, 0]
        [0, 12, 0]
    Drone 4: 
        [0, 85, 71, 0]
        [0, 14, 76, 0]
        [0, 42, 7, 9, 16, 0]
        [0, 39, 46, 0]
Solution 51:
    Served: 62
    Makespan: 4111.573691884351
    Truck 1: 
        [0, 62, 98, 52, 28, 15, 17, 26, 22, 67, 70, 92, 0]
    Truck 2: 
        [0, 63, 82, 0]
        [0, 13, 4, 0]
        [0, 12, 0]
    Truck 3: 
        [0, 90, 40, 2, 21, 32, 56, 60, 10, 78, 89, 20, 30, 94, 64, 23, 79, 0]
    Truck 4: 
        [0, 91, 8, 0]
        [0, 6, 0]
        [0, 27, 0]
    Drone 1: 
        [0, 72, 0]
        [0, 54, 0]
        [0, 31, 5, 0]
        [0, 97, 0]
        [0, 53, 0]
        [0, 88, 0]
    Drone 2: 
        [0, 81, 96, 0]
        [0, 61, 0]
        [0, 50, 66, 0]
        [0, 99, 0]
    Drone 3: 
        [0, 47, 0]
        [0, 73, 0]
        [0, 77, 0]
    Drone 4: 
        [0, 85, 71, 0]
        [0, 14, 76, 0]
        [0, 42, 7, 9, 16, 0]
        [0, 39, 46, 0]
Solution 52:
    Served: 62
    Makespan: 4111.573691884351
    Truck 1: 
        [0, 62, 98, 52, 28, 15, 17, 26, 22, 67, 70, 92, 0]
    Truck 2: 
        [0, 63, 82, 0]
        [0, 13, 4, 0]
    Truck 3: 
        [0, 90, 40, 2, 21, 32, 56, 60, 10, 78, 89, 20, 30, 94, 64, 23, 79, 0]
    Truck 4: 
        [0, 91, 8, 0]
    Drone 1: 
        [0, 72, 0]
        [0, 54, 0]
        [0, 57, 0]
        [0, 6, 0]
        [0, 97, 0]
        [0, 53, 0]
        [0, 39, 0]
    Drone 2: 
        [0, 81, 96, 0]
        [0, 61, 0]
        [0, 50, 66, 0]
        [0, 27, 0]
        [0, 88, 0]
    Drone 3: 
        [0, 47, 0]
        [0, 73, 0]
        [0, 42, 7, 9, 16, 0]
        [0, 99, 0]
    Drone 4: 
        [0, 85, 71, 0]
        [0, 14, 76, 5, 31, 0]
        [0, 77, 0]
        [0, 12, 0]
Solution 53:
    Served: 62
    Makespan: 4111.573691884351
    Truck 1: 
        [0, 62, 98, 52, 28, 15, 17, 26, 22, 67, 70, 92, 0]
    Truck 2: 
        [0, 63, 82, 0]
        [0, 13, 4, 0]
    Truck 3: 
        [0, 90, 40, 2, 21, 32, 56, 60, 10, 78, 89, 20, 30, 94, 64, 23, 79, 0]
    Truck 4: 
        [0, 91, 8, 0]
    Drone 1: 
        [0, 72, 0]
        [0, 54, 0]
        [0, 57, 0]
        [0, 77, 0]
        [0, 27, 0]
        [0, 53, 0]
        [0, 39, 0]
    Drone 2: 
        [0, 81, 96, 0]
        [0, 61, 0]
        [0, 5, 0]
        [0, 6, 0]
        [0, 97, 0]
        [0, 88, 0]
    Drone 3: 
        [0, 47, 0]
        [0, 73, 0]
        [0, 50, 66, 0]
        [0, 99, 0]
    Drone 4: 
        [0, 85, 71, 0]
        [0, 14, 76, 31, 0]
        [0, 42, 7, 9, 16, 0]
        [0, 12, 0]
Solution 54:
    Served: 62
    Makespan: 4111.573691884351
    Truck 1: 
        [0, 62, 98, 52, 28, 15, 17, 26, 22, 67, 70, 92, 0]
    Truck 2: 
        [0, 63, 82, 0]
        [0, 6, 0]
    Truck 3: 
        [0, 90, 40, 2, 21, 32, 56, 60, 10, 78, 89, 20, 30, 94, 64, 23, 79, 0]
    Truck 4: 
        [0, 91, 8, 0]
    Drone 1: 
        [0, 72, 0]
        [0, 54, 0]
        [0, 31, 5, 0]
        [0, 13, 4, 0]
        [0, 27, 0]
        [0, 53, 0]
        [0, 88, 0]
    Drone 2: 
        [0, 81, 96, 0]
        [0, 61, 0]
        [0, 50, 66, 0]
        [0, 99, 0]
    Drone 3: 
        [0, 47, 0]
        [0, 73, 0]
        [0, 42, 7, 9, 16, 0]
        [0, 12, 0]
    Drone 4: 
        [0, 85, 71, 0]
        [0, 14, 57, 0]
        [0, 77, 0]
        [0, 97, 0]
        [0, 39, 46, 0]
Solution 55:
    Served: 62
    Makespan: 4111.573691884351
    Truck 1: 
        [0, 62, 98, 52, 28, 15, 17, 26, 22, 67, 70, 92, 0]
    Truck 2: 
        [0, 63, 82, 0]
    Truck 3: 
        [0, 90, 40, 2, 21, 32, 56, 60, 10, 78, 89, 20, 30, 94, 64, 23, 79, 0]
    Truck 4: 
        [0, 91, 8, 0]
    Drone 1: 
        [0, 72, 0]
        [0, 54, 0]
        [0, 57, 0]
        [0, 13, 4, 0]
        [0, 97, 0]
        [0, 53, 0]
        [0, 39, 0]
    Drone 2: 
        [0, 81, 96, 0]
        [0, 61, 0]
        [0, 50, 66, 0]
        [0, 6, 0]
        [0, 27, 0]
        [0, 88, 0]
    Drone 3: 
        [0, 47, 0]
        [0, 73, 0]
        [0, 42, 7, 9, 16, 0]
        [0, 99, 0]
    Drone 4: 
        [0, 85, 71, 0]
        [0, 14, 76, 5, 31, 0]
        [0, 77, 0]
        [0, 12, 0]
Solution 56:
    Served: 62
    Makespan: 4111.573691884351
    Truck 1: 
        [0, 62, 98, 52, 28, 15, 17, 26, 22, 67, 70, 92, 0]
    Truck 2: 
        [0, 63, 82, 0]
    Truck 3: 
        [0, 90, 40, 2, 21, 32, 56, 60, 10, 78, 89, 20, 30, 94, 64, 23, 79, 0]
    Truck 4: 
        [0, 91, 8, 0]
    Drone 1: 
        [0, 72, 0]
        [0, 54, 0]
        [0, 31, 5, 0]
        [0, 13, 4, 0]
        [0, 97, 0]
        [0, 53, 0]
        [0, 88, 0]
    Drone 2: 
        [0, 81, 96, 0]
        [0, 61, 0]
        [0, 50, 66, 0]
        [0, 6, 0]
        [0, 27, 0]
        [0, 99, 0]
    Drone 3: 
        [0, 47, 0]
        [0, 73, 0]
        [0, 42, 7, 9, 16, 0]
        [0, 12, 0]
    Drone 4: 
        [0, 85, 71, 0]
        [0, 14, 57, 0]
        [0, 77, 0]
        [0, 39, 46, 0]
Solution 57:
    Served: 62
    Makespan: 4111.573691884351
    Truck 1: 
        [0, 62, 98, 52, 28, 15, 17, 26, 22, 67, 70, 92, 0]
    Truck 2: 
        [0, 63, 82, 0]
        [0, 13, 4, 0]
        [0, 12, 0]
    Truck 3: 
        [0, 90, 40, 2, 21, 32, 56, 60, 10, 78, 89, 20, 30, 94, 64, 23, 79, 0]
    Truck 4: 
        [0, 91, 8, 0]
        [0, 27, 0]
    Drone 1: 
        [0, 72, 0]
        [0, 54, 0]
        [0, 31, 5, 0]
        [0, 6, 0]
        [0, 53, 0]
        [0, 88, 0]
    Drone 2: 
        [0, 81, 96, 0]
        [0, 61, 0]
        [0, 50, 66, 0]
        [0, 99, 0]
    Drone 3: 
        [0, 47, 0]
        [0, 73, 0]
        [0, 42, 7, 9, 16, 0]
    Drone 4: 
        [0, 85, 71, 0]
        [0, 14, 57, 0]
        [0, 77, 0]
        [0, 97, 0]
        [0, 39, 46, 0]
Solution 58:
    Served: 62
    Makespan: 4111.573691884351
    Truck 1: 
        [0, 62, 98, 52, 28, 15, 17, 26, 22, 67, 70, 92, 0]
    Truck 2: 
        [0, 63, 82, 0]
    Truck 3: 
        [0, 90, 40, 2, 21, 32, 56, 60, 10, 78, 89, 20, 30, 94, 64, 23, 79, 0]
    Truck 4: 
        [0, 91, 8, 0]
    Drone 1: 
        [0, 72, 0]
        [0, 54, 0]
        [0, 31, 5, 0]
        [0, 13, 4, 0]
        [0, 27, 0]
        [0, 53, 0]
        [0, 88, 0]
    Drone 2: 
        [0, 81, 96, 0]
        [0, 61, 0]
        [0, 50, 66, 0]
        [0, 6, 0]
        [0, 99, 0]
    Drone 3: 
        [0, 47, 0]
        [0, 73, 0]
        [0, 42, 7, 9, 16, 0]
        [0, 12, 0]
    Drone 4: 
        [0, 85, 71, 0]
        [0, 14, 57, 0]
        [0, 77, 0]
        [0, 97, 0]
        [0, 39, 46, 0]
Solution 59:
    Served: 62
    Makespan: 4111.573691884351
    Truck 1: 
        [0, 62, 98, 52, 28, 15, 17, 26, 22, 67, 70, 92, 0]
    Truck 2: 
        [0, 63, 82, 0]
        [0, 13, 4, 0]
        [0, 12, 0]
    Truck 3: 
        [0, 90, 40, 2, 21, 32, 56, 60, 10, 78, 89, 20, 30, 94, 64, 23, 79, 0]
    Truck 4: 
        [0, 91, 8, 0]
        [0, 6, 0]
        [0, 27, 0]
    Drone 1: 
        [0, 72, 0]
        [0, 54, 0]
        [0, 31, 5, 0]
        [0, 53, 0]
        [0, 88, 0]
    Drone 2: 
        [0, 81, 96, 0]
        [0, 61, 0]
        [0, 50, 66, 0]
        [0, 99, 0]
    Drone 3: 
        [0, 47, 0]
        [0, 73, 0]
        [0, 42, 7, 9, 16, 0]
    Drone 4: 
        [0, 85, 71, 0]
        [0, 14, 57, 0]
        [0, 77, 0]
        [0, 97, 0]
        [0, 39, 46, 0]
Solution 60:
    Served: 62
    Makespan: 4111.573691884351
    Truck 1: 
        [0, 62, 98, 52, 28, 15, 17, 26, 22, 67, 70, 92, 0]
    Truck 2: 
        [0, 63, 82, 0]
        [0, 13, 4, 0]
    Truck 3: 
        [0, 90, 40, 2, 21, 32, 56, 60, 10, 78, 89, 20, 30, 94, 64, 23, 79, 0]
    Truck 4: 
        [0, 91, 8, 0]
        [0, 27, 0]
    Drone 1: 
        [0, 72, 0]
        [0, 54, 0]
        [0, 57, 0]
        [0, 53, 0]
        [0, 88, 0]
    Drone 2: 
        [0, 81, 96, 0]
        [0, 61, 0]
        [0, 31, 5, 0]
        [0, 99, 12, 0]
    Drone 3: 
        [0, 47, 0]
        [0, 73, 0]
        [0, 50, 66, 0]
    Drone 4: 
        [0, 85, 71, 0]
        [0, 14, 76, 0]
        [0, 42, 7, 9, 16, 6, 0]
        [0, 97, 0]
        [0, 39, 46, 0]
Solution 61:
    Served: 62
    Makespan: 4111.573691884351
    Truck 1: 
        [0, 62, 98, 52, 28, 15, 17, 26, 22, 67, 70, 92, 0]
    Truck 2: 
        [0, 63, 82, 0]
        [0, 6, 0]
    Truck 3: 
        [0, 90, 40, 2, 21, 32, 56, 60, 10, 78, 89, 20, 30, 94, 64, 23, 79, 0]
    Truck 4: 
        [0, 91, 8, 0]
    Drone 1: 
        [0, 72, 0]
        [0, 54, 0]
        [0, 57, 0]
        [0, 66, 0]
        [0, 97, 0]
        [0, 53, 0]
        [0, 39, 0]
    Drone 2: 
        [0, 81, 96, 0]
        [0, 61, 0]
        [0, 31, 0]
        [0, 77, 0]
        [0, 27, 0]
        [0, 88, 0]
    Drone 3: 
        [0, 47, 0]
        [0, 73, 0]
        [0, 50, 0]
        [0, 13, 4, 0]
        [0, 99, 0]
    Drone 4: 
        [0, 85, 71, 0]
        [0, 14, 76, 5, 0]
        [0, 42, 7, 9, 16, 0]
        [0, 12, 0]
Solution 62:
    Served: 62
    Makespan: 4111.573691884351
    Truck 1: 
        [0, 62, 98, 52, 28, 15, 17, 26, 22, 67, 70, 92, 0]
    Truck 2: 
        [0, 63, 82, 0]
    Truck 3: 
        [0, 90, 40, 2, 21, 32, 56, 60, 10, 78, 89, 20, 30, 94, 64, 23, 79, 0]
    Truck 4: 
        [0, 91, 8, 0]
    Drone 1: 
        [0, 72, 0]
        [0, 54, 0]
        [0, 31, 0]
        [0, 77, 0]
        [0, 27, 0]
        [0, 53, 0]
        [0, 88, 0]
    Drone 2: 
        [0, 81, 96, 0]
        [0, 61, 0]
        [0, 50, 66, 0]
        [0, 6, 0]
        [0, 97, 0]
        [0, 99, 0]
    Drone 3: 
        [0, 47, 0]
        [0, 73, 0]
        [0, 13, 4, 0]
        [0, 12, 0]
    Drone 4: 
        [0, 85, 71, 0]
        [0, 14, 76, 5, 0]
        [0, 42, 7, 9, 16, 0]
        [0, 39, 46, 0]
Solution 63:
    Served: 62
    Makespan: 4111.573691884351
    Truck 1: 
        [0, 62, 98, 52, 28, 15, 17, 26, 22, 67, 70, 92, 0]
    Truck 2: 
        [0, 63, 82, 0]
        [0, 13, 4, 0]
        [0, 12, 0]
    Truck 3: 
        [0, 90, 40, 2, 21, 32, 56, 60, 10, 78, 89, 20, 30, 94, 64, 23, 79, 0]
    Truck 4: 
        [0, 91, 8, 0]
        [0, 27, 0]
    Drone 1: 
        [0, 72, 0]
        [0, 54, 0]
        [0, 57, 0]
        [0, 66, 0]
        [0, 97, 0]
        [0, 53, 0]
        [0, 39, 0]
    Drone 2: 
        [0, 81, 96, 0]
        [0, 61, 0]
        [0, 31, 0]
        [0, 77, 0]
        [0, 88, 0]
    Drone 3: 
        [0, 47, 0]
        [0, 73, 0]
        [0, 50, 0]
        [0, 6, 0]
        [0, 99, 0]
    Drone 4: 
        [0, 85, 71, 0]
        [0, 14, 76, 5, 0]
        [0, 42, 7, 9, 16, 0]
Solution 64:
    Served: 62
    Makespan: 4111.573691884351
    Truck 1: 
        [0, 62, 98, 52, 28, 15, 17, 26, 22, 67, 70, 92, 0]
    Truck 2: 
        [0, 63, 82, 0]
        [0, 13, 4, 0]
    Truck 3: 
        [0, 90, 40, 2, 21, 32, 56, 60, 10, 78, 89, 20, 30, 94, 64, 23, 79, 0]
    Truck 4: 
        [0, 91, 8, 0]
    Drone 1: 
        [0, 72, 0]
        [0, 54, 0]
        [0, 57, 0]
        [0, 66, 0]
        [0, 97, 0]
        [0, 53, 0]
        [0, 39, 0]
    Drone 2: 
        [0, 81, 96, 0]
        [0, 61, 0]
        [0, 31, 0]
        [0, 77, 0]
        [0, 27, 0]
        [0, 88, 0]
    Drone 3: 
        [0, 47, 0]
        [0, 73, 0]
        [0, 50, 0]
        [0, 6, 0]
        [0, 99, 0]
    Drone 4: 
        [0, 85, 71, 0]
        [0, 14, 76, 5, 0]
        [0, 42, 7, 9, 16, 0]
        [0, 12, 0]
Solution 65:
    Served: 62
    Makespan: 4111.573691884351
    Truck 1: 
        [0, 62, 98, 52, 28, 15, 17, 26, 22, 67, 70, 92, 0]
    Truck 2: 
        [0, 63, 82, 0]
    Truck 3: 
        [0, 90, 40, 2, 21, 32, 56, 60, 10, 78, 89, 20, 30, 94, 64, 23, 79, 0]
    Truck 4: 
        [0, 91, 8, 0]
    Drone 1: 
        [0, 72, 0]
        [0, 54, 0]
        [0, 31, 0]
        [0, 42, 7, 9, 16, 0]
        [0, 97, 0]
        [0, 53, 0]
        [0, 88, 0]
    Drone 2: 
        [0, 81, 96, 0]
        [0, 61, 0]
        [0, 50, 66, 0]
        [0, 6, 0]
        [0, 27, 0]
        [0, 99, 0]
    Drone 3: 
        [0, 47, 0]
        [0, 73, 0]
        [0, 77, 0]
        [0, 12, 0]
    Drone 4: 
        [0, 85, 71, 0]
        [0, 14, 76, 5, 0]
        [0, 13, 4, 0]
        [0, 39, 46, 0]
Solution 66:
    Served: 50
    Makespan: 4041.943281555787
    Truck 1: 
        [0, 62, 98, 52, 21, 56, 60, 10, 78, 89, 20, 30, 94, 0]
    Truck 2: 
        [0, 63, 82, 0]
        [0, 13, 4, 0]
        [0, 88, 0]
    Truck 3: 
        [0, 90, 40, 2, 0]
        [0, 27, 0]
        [0, 12, 0]
    Truck 4: 
        [0, 91, 8, 0]
        [0, 6, 0]
    Drone 1: 
        [0, 72, 0]
        [0, 54, 0]
        [0, 31, 0]
        [0, 42, 7, 9, 16, 0]
        [0, 97, 0]
        [0, 53, 0]
        [0, 99, 0]
    Drone 2: 
        [0, 81, 96, 0]
        [0, 61, 0]
        [0, 50, 66, 0]
    Drone 3: 
        [0, 47, 0]
        [0, 73, 0]
        [0, 77, 0]
    Drone 4: 
        [0, 85, 71, 0]
        [0, 14, 76, 5, 0]
        [0, 39, 46, 0]
Solution 67:
    Served: 50
    Makespan: 4041.943281555787
    Truck 1: 
        [0, 62, 98, 52, 21, 56, 60, 10, 78, 89, 20, 30, 94, 0]
    Truck 2: 
        [0, 63, 82, 0]
        [0, 13, 4, 0]
        [0, 88, 0]
    Truck 3: 
        [0, 90, 40, 2, 0]
        [0, 27, 0]
        [0, 12, 0]
    Truck 4: 
        [0, 91, 8, 0]
        [0, 6, 0]
    Drone 1: 
        [0, 72, 81, 0]
        [0, 61, 76, 0]
        [0, 50, 66, 0]
        [0, 97, 0]
        [0, 53, 0]
        [0, 39, 0]
    Drone 2: 
        [0, 47, 0]
        [0, 73, 0]
        [0, 42, 7, 9, 16, 0]
        [0, 99, 0]
    Drone 3: 
        [0, 85, 71, 0]
        [0, 14, 57, 0]
        [0, 77, 0]
    Drone 4: 
        [0, 54, 49, 0]
        [0, 31, 5, 0]
Solution 68:
    Served: 49
    Makespan: 3989.715577665434
    Truck 1: 
        [0, 62, 98, 90, 52, 21, 32, 56, 60, 10, 78, 89, 30, 94, 64, 0]
    Truck 2: 
        [0, 63, 82, 0]
    Truck 3: 
        [0, 91, 8, 0]
    Drone 1: 
        [0, 72, 0]
        [0, 54, 0]
        [0, 50, 66, 0]
        [0, 6, 0]
        [0, 97, 0]
        [0, 53, 0]
        [0, 88, 0]
    Drone 2: 
        [0, 81, 96, 0]
        [0, 61, 0]
        [0, 77, 0]
        [0, 27, 0]
        [0, 99, 0]
    Drone 3: 
        [0, 47, 0]
        [0, 73, 0]
        [0, 13, 4, 0]
        [0, 12, 0]
    Drone 4: 
        [0, 85, 71, 0]
        [0, 14, 76, 5, 31, 0]
        [0, 42, 7, 9, 16, 0]
        [0, 39, 46, 0]
Solution 69:
    Served: 49
    Makespan: 3989.715577665434
    Truck 1: 
        [0, 62, 98, 52, 21, 32, 56, 60, 10, 78, 89, 20, 0]
    Truck 2: 
        [0, 63, 82, 0]
        [0, 13, 4, 0]
    Truck 3: 
        [0, 90, 40, 2, 0]
        [0, 27, 0]
    Truck 4: 
        [0, 91, 8, 0]
        [0, 6, 0]
    Drone 1: 
        [0, 72, 0]
        [0, 54, 0]
        [0, 31, 0]
        [0, 42, 7, 9, 16, 0]
        [0, 97, 0]
        [0, 53, 0]
        [0, 88, 0]
    Drone 2: 
        [0, 81, 96, 0]
        [0, 61, 0]
        [0, 50, 66, 0]
        [0, 99, 0]
    Drone 3: 
        [0, 47, 0]
        [0, 73, 0]
        [0, 77, 0]
        [0, 12, 0]
    Drone 4: 
        [0, 85, 71, 0]
        [0, 14, 76, 5, 0]
        [0, 39, 46, 0]
Solution 70:
    Served: 49
    Makespan: 3989.715577665434
    Truck 1: 
        [0, 62, 98, 52, 21, 32, 56, 60, 10, 78, 89, 20, 0]
    Truck 2: 
        [0, 63, 82, 0]
    Truck 3: 
        [0, 90, 40, 2, 0]
    Truck 4: 
        [0, 91, 8, 0]
    Drone 1: 
        [0, 72, 0]
        [0, 54, 0]
        [0, 31, 0]
        [0, 77, 0]
        [0, 27, 0]
        [0, 53, 0]
        [0, 88, 0]
    Drone 2: 
        [0, 81, 96, 0]
        [0, 61, 0]
        [0, 50, 66, 0]
        [0, 6, 0]
        [0, 97, 0]
        [0, 99, 0]
    Drone 3: 
        [0, 47, 0]
        [0, 73, 0]
        [0, 13, 4, 0]
        [0, 12, 0]
    Drone 4: 
        [0, 85, 71, 0]
        [0, 14, 76, 5, 0]
        [0, 42, 7, 9, 16, 0]
        [0, 39, 46, 0]
Solution 71:
    Served: 45
    Makespan: 3852.947877803693
    Truck 1: 
        [0, 62, 98, 90, 52, 21, 56, 60, 10, 78, 89, 20, 30, 94, 0]
    Truck 2: 
        [0, 63, 82, 0]
        [0, 6, 0]
    Truck 3: 
        [0, 91, 8, 0]
    Drone 1: 
        [0, 72, 0]
        [0, 54, 0]
        [0, 31, 5, 0]
        [0, 13, 0]
        [0, 97, 0]
        [0, 53, 0]
        [0, 39, 0]
    Drone 2: 
        [0, 81, 96, 0]
        [0, 61, 0]
        [0, 50, 66, 0]
        [0, 4, 0]
        [0, 27, 0]
        [0, 88, 0]
        [0, 12, 0]
    Drone 3: 
        [0, 47, 0]
        [0, 73, 0]
        [0, 42, 7, 9, 16, 0]
    Drone 4: 
        [0, 85, 71, 0]
        [0, 14, 57, 0]
Solution 72:
    Served: 44
    Makespan: 3846.8445193113466
    Truck 1: 
        [0, 62, 98, 40, 21, 32, 56, 60, 10, 78, 89, 20, 30, 0]
    Truck 2: 
        [0, 63, 82, 0]
        [0, 6, 0]
    Truck 3: 
        [0, 91, 8, 0]
    Drone 1: 
        [0, 72, 0]
        [0, 54, 0]
        [0, 31, 5, 0]
        [0, 13, 0]
        [0, 97, 0]
        [0, 53, 0]
        [0, 39, 0]
    Drone 2: 
        [0, 81, 96, 0]
        [0, 61, 0]
        [0, 50, 66, 0]
        [0, 4, 0]
        [0, 27, 0]
        [0, 88, 0]
        [0, 12, 0]
    Drone 3: 
        [0, 47, 0]
        [0, 73, 0]
        [0, 42, 7, 9, 16, 0]
    Drone 4: 
        [0, 85, 71, 0]
        [0, 14, 57, 0]
