Pareto Count: 6
Solution 1:
    Served: 59
    Makespan: 15323.113868304854
    Truck 1: 
        [0, 69, 53, 0]
        [0, 65, 0]
        [0, 61, 39, 14, 43, 79, 92, 99, 89, 0]
        [0, 70, 10, 97, 15, 2, 59, 100, 24, 0]
    Truck 2: 
        [0, 50, 13, 0]
        [0, 41, 0]
        [0, 12, 36, 0]
        [0, 72, 74, 0]
    Truck 3: 
        [0, 5, 87, 0]
        [0, 11, 55, 45, 76, 57, 0]
        [0, 62, 35, 17, 30, 19, 22, 27, 0]
    Truck 4: 
        [0, 47, 80, 0]
        [0, 77, 0]
        [0, 54, 0]
        [0, 40, 32, 67, 85, 84, 56, 0]
    Drone 1: 
        [0, 64, 0]
        [0, 6, 0]
        [0, 82, 0]
        [0, 18, 0]
        [0, 94, 0]
        [0, 96, 0]
        [0, 38, 0]
        [0, 93, 0]
    Drone 2: 
        [0, 4, 0]
Solution 2:
    Served: 59
    Makespan: 15323.113868304854
    Truck 1: 
        [0, 69, 53, 0]
        [0, 65, 0]
        [0, 61, 39, 14, 43, 79, 92, 99, 89, 77, 0]
        [0, 70, 10, 97, 15, 2, 59, 100, 24, 0]
    Truck 2: 
        [0, 50, 13, 0]
        [0, 41, 0]
        [0, 12, 36, 0]
        [0, 72, 74, 0]
    Truck 3: 
        [0, 5, 87, 0]
        [0, 11, 55, 45, 76, 57, 0]
        [0, 62, 35, 17, 30, 19, 22, 27, 0]
    Truck 4: 
        [0, 47, 80, 0]
        [0, 54, 0]
        [0, 40, 32, 67, 85, 84, 56, 0]
    Drone 1: 
        [0, 64, 0]
        [0, 6, 0]
        [0, 82, 0]
        [0, 18, 0]
        [0, 94, 0]
        [0, 96, 0]
        [0, 38, 0]
        [0, 93, 0]
    Drone 2: 
        [0, 4, 0]
Solution 3:
    Served: 51
    Makespan: 15318.92622007035
    Truck 1: 
        [0, 69, 53, 0]
        [0, 65, 0]
        [0, 61, 39, 14, 43, 79, 92, 99, 89, 77, 0]
        [0, 70, 10, 97, 15, 2, 59, 100, 24, 0]
    Truck 2: 
        [0, 50, 13, 0]
        [0, 41, 0]
        [0, 12, 36, 0]
        [0, 72, 74, 0]
    Truck 3: 
        [0, 5, 87, 0]
        [0, 11, 55, 45, 76, 57, 0]
        [0, 40, 32, 0]
    Truck 4: 
        [0, 47, 80, 0]
        [0, 46, 26, 0]
        [0, 62, 35, 0]
    Drone 1: 
        [0, 64, 0]
        [0, 6, 0]
        [0, 82, 0]
        [0, 18, 0]
        [0, 94, 0]
        [0, 96, 0]
        [0, 38, 0]
        [0, 93, 0]
    Drone 2: 
        [0, 4, 0]
Solution 4:
    Served: 50
    Makespan: 15277.646749343994
    Truck 1: 
        [0, 69, 53, 0]
        [0, 65, 0]
        [0, 61, 39, 14, 43, 79, 92, 89, 77, 0]
        [0, 70, 10, 97, 15, 2, 59, 100, 24, 0]
    Truck 2: 
        [0, 50, 13, 0]
        [0, 41, 0]
        [0, 12, 36, 0]
        [0, 72, 74, 0]
    Truck 3: 
        [0, 5, 87, 0]
        [0, 11, 55, 45, 76, 57, 0]
        [0, 40, 32, 0]
    Truck 4: 
        [0, 47, 80, 0]
        [0, 46, 26, 0]
        [0, 62, 35, 0]
    Drone 1: 
        [0, 64, 0]
        [0, 6, 0]
        [0, 82, 0]
        [0, 18, 0]
        [0, 94, 0]
        [0, 96, 0]
        [0, 38, 0]
        [0, 93, 0]
    Drone 2: 
        [0, 4, 0]
Solution 5:
    Served: 50
    Makespan: 15277.646749343994
    Truck 1: 
        [0, 69, 53, 0]
        [0, 65, 0]
        [0, 61, 39, 14, 43, 79, 92, 89, 77, 0]
        [0, 70, 10, 97, 15, 2, 59, 100, 24, 0]
    Truck 2: 
        [0, 50, 13, 0]
        [0, 41, 0]
        [0, 12, 36, 0]
        [0, 72, 74, 0]
    Truck 3: 
        [0, 5, 87, 0]
        [0, 11, 55, 45, 76, 57, 93, 0]
        [0, 40, 32, 0]
    Truck 4: 
        [0, 47, 80, 0]
        [0, 46, 26, 0]
        [0, 62, 35, 0]
    Drone 1: 
        [0, 64, 0]
        [0, 6, 0]
        [0, 82, 0]
        [0, 18, 0]
        [0, 94, 0]
        [0, 96, 0]
        [0, 38, 0]
    Drone 2: 
        [0, 4, 0]
Solution 6:
    Served: 48
    Makespan: 15247.698201255726
    Truck 1: 
        [0, 69, 53, 0]
        [0, 65, 0]
        [0, 61, 39, 14, 43, 79, 92, 89, 0]
        [0, 70, 10, 97, 15, 2, 59, 100, 24, 0]
    Truck 2: 
        [0, 50, 13, 0]
        [0, 41, 0]
        [0, 12, 36, 0]
        [0, 72, 74, 0]
    Truck 3: 
        [0, 5, 87, 0]
        [0, 11, 55, 45, 76, 57, 0]
        [0, 40, 32, 0]
    Truck 4: 
        [0, 47, 80, 0]
        [0, 77, 0]
        [0, 93, 0]
        [0, 62, 35, 0]
    Drone 1: 
        [0, 64, 0]
        [0, 6, 0]
        [0, 82, 0]
        [0, 18, 0]
        [0, 94, 0]
        [0, 96, 0]
        [0, 38, 0]
    Drone 2: 
        [0, 4, 0]
