Pareto Count: 4
Solution 1:
    Served: 16
    Makespan: 1389.1458579188966
    Truck 1: 
        [0, 11, 20, 0]
        [0, 14, 0]
    Truck 2: 
        [0, 2, 0]
    Drone 1: 
        [0, 16, 4, 0]
        [0, 19, 0]
        [0, 6, 15, 5, 0]
    Drone 2: 
        [0, 17, 12, 1, 0]
        [0, 13, 3, 0]
        [0, 8, 0]
Solution 2:
    Served: 16
    Makespan: 1389.1458579188966
    Truck 1: 
        [0, 11, 20, 0]
    Truck 2: 
        [0, 2, 0]
    Drone 1: 
        [0, 16, 4, 0]
        [0, 19, 0]
        [0, 6, 15, 5, 0]
    Drone 2: 
        [0, 17, 12, 1, 0]
        [0, 13, 3, 0]
        [0, 8, 14, 0]
Solution 3:
    Served: 15
    Makespan: 1314.9627935176054
    Truck 1: 
        [0, 11, 20, 0]
    Truck 2: 
        [0, 2, 0]
    Drone 1: 
        [0, 16, 4, 0]
        [0, 19, 0]
        [0, 15, 5, 14, 0]
    Drone 2: 
        [0, 17, 12, 1, 0]
        [0, 13, 3, 0]
        [0, 8, 0]
Solution 4:
    Served: 14
    Makespan: 1242.6836879522052
    Truck 1: 
        [0, 11, 20, 0]
    Truck 2: 
        [0, 2, 0]
    Drone 1: 
        [0, 16, 4, 0]
        [0, 19, 0]
        [0, 8, 14, 0]
    Drone 2: 
        [0, 17, 12, 1, 0]
        [0, 13, 6, 15, 0]
