Pareto Count: 8
Solution 1:
    Served: 20
    Makespan: 1398.6671502167799
    Truck 1: 
        [0, 7, 0]
        [0, 2, 8, 14, 0]
    Truck 2: 
        [0, 13, 6, 11, 1, 5, 4, 16, 15, 0]
    Drone 1: 
        [0, 10, 0]
        [0, 19, 0]
    Drone 2: 
        [0, 9, 3, 20, 0]
        [0, 12, 18, 17, 0]
Solution 2:
    Served: 19
    Makespan: 1368.99553607689
    Truck 1: 
        [0, 7, 0]
        [0, 2, 8, 14, 0]
    Truck 2: 
        [0, 13, 6, 11, 5, 4, 16, 15, 0]
    Drone 1: 
        [0, 10, 0]
        [0, 19, 0]
    Drone 2: 
        [0, 9, 3, 20, 0]
        [0, 12, 18, 17, 0]
Solution 3:
    Served: 18
    Makespan: 1341.6410266729213
    Truck 1: 
        [0, 7, 6, 11, 1, 5, 4, 16, 15, 0]
    Truck 2: 
        [0, 13, 0]
        [0, 14, 0]
    Drone 1: 
        [0, 10, 0]
        [0, 19, 0]
    Drone 2: 
        [0, 9, 3, 20, 0]
        [0, 12, 18, 17, 0]
Solution 4:
    Served: 18
    Makespan: 1341.6410266729213
    Truck 1: 
        [0, 7, 6, 11, 1, 5, 4, 16, 15, 0]
    Truck 2: 
        [0, 13, 2, 0]
    Drone 1: 
        [0, 10, 0]
        [0, 19, 0]
    Drone 2: 
        [0, 9, 3, 20, 0]
        [0, 12, 18, 17, 0]
Solution 5:
    Served: 16
    Makespan: 1336.8028516436177
    Truck 1: 
        [0, 7, 6, 11, 1, 5, 4, 16, 15, 0]
    Truck 2: 
        [0, 2, 0]
    Drone 1: 
        [0, 13, 9, 3, 0]
        [0, 19, 0]
    Drone 2: 
        [0, 10, 0]
        [0, 12, 18, 0]
Solution 6:
    Served: 14
    Makespan: 1319.916012819145
    Truck 1: 
        [0, 2, 0]
    Truck 2: 
        [0, 11, 1, 5, 0]
    Drone 1: 
        [0, 7, 10, 0]
        [0, 12, 18, 17, 0]
    Drone 2: 
        [0, 13, 6, 9, 3, 0]
        [0, 4, 0]
Solution 7:
    Served: 14
    Makespan: 1319.916012819145
    Truck 1: 
        [0, 13, 0]
        [0, 11, 1, 5, 0]
    Truck 2: 
        [0, 2, 0]
    Drone 1: 
        [0, 7, 10, 0]
        [0, 12, 18, 17, 0]
    Drone 2: 
        [0, 6, 9, 3, 0]
        [0, 4, 0]
Solution 8:
    Served: 12
    Makespan: 1156.109656373603
    Truck 1: 
        [0, 2, 0]
    Truck 2: 
        [0, 11, 1, 5, 0]
    Drone 1: 
        [0, 7, 6, 0]
        [0, 8, 12, 0]
    Drone 2: 
        [0, 13, 9, 3, 0]
        [0, 4, 0]
