Pareto Count: 8
Solution 1:
    Served: 18
    Makespan: 1458.7735934795746
    Truck 1: 
        [0, 4, 0]
        [0, 18, 12, 0]
    Truck 2: 
        [0, 19, 11, 3, 1, 6, 0]
    Drone 1: 
        [0, 15, 0]
        [0, 13, 17, 0]
        [0, 2, 0]
        [0, 20, 14, 8, 0]
    Drone 2: 
        [0, 9, 0]
        [0, 10, 7, 0]
Solution 2:
    Served: 18
    Makespan: 1458.7735934795746
    Truck 1: 
        [0, 4, 0]
        [0, 18, 12, 0]
    Truck 2: 
        [0, 19, 11, 3, 1, 6, 0]
    Drone 1: 
        [0, 15, 0]
        [0, 13, 5, 2, 0]
        [0, 20, 14, 8, 0]
    Drone 2: 
        [0, 9, 0]
        [0, 10, 7, 0]
Solution 3:
    Served: 18
    Makespan: 1458.7735934795746
    Truck 1: 
        [0, 4, 0]
        [0, 18, 12, 0]
    Truck 2: 
        [0, 19, 11, 3, 1, 6, 0]
    Drone 1: 
        [0, 15, 0]
        [0, 13, 17, 10, 0]
        [0, 14, 8, 0]
    Drone 2: 
        [0, 9, 0]
        [0, 5, 2, 20, 0]
Solution 4:
    Served: 17
    Makespan: 1425.5737857396662
    Truck 1: 
        [0, 19, 3, 1, 6, 0]
    Truck 2: 
        [0, 15, 13, 0]
    Drone 1: 
        [0, 4, 9, 0]
        [0, 18, 12, 0]
    Drone 2: 
        [0, 16, 11, 0]
        [0, 10, 2, 0]
        [0, 20, 14, 8, 0]
Solution 5:
    Served: 16
    Makespan: 1401.5403131306082
    Truck 1: 
        [0, 15, 13, 0]
    Truck 2: 
        [0, 3, 1, 0]
    Drone 1: 
        [0, 4, 9, 0]
        [0, 18, 12, 2, 0]
    Drone 2: 
        [0, 19, 16, 0]
        [0, 17, 10, 0]
        [0, 20, 14, 8, 0]
Solution 6:
    Served: 13
    Makespan: 1394.8009073809708
    Truck 1: 
        [0, 19, 11, 0]
        [0, 10, 0]
    Truck 2: 
        [0, 3, 1, 0]
    Drone 1: 
        [0, 4, 15, 13, 0]
        [0, 7, 0]
    Drone 2: 
        [0, 9, 0]
        [0, 5, 2, 20, 0]
Solution 7:
    Served: 12
    Makespan: 1273.5486794820297
    Truck 1: 
        [0, 3, 1, 0]
    Truck 2: 
        [0, 11, 0]
    Drone 1: 
        [0, 4, 9, 0]
        [0, 10, 0]
        [0, 12, 0]
    Drone 2: 
        [0, 19, 15, 0]
        [0, 5, 2, 20, 0]
Solution 8:
    Served: 12
    Makespan: 1273.5486794820297
    Truck 1: 
        [0, 3, 0]
    Truck 2: 
        [0, 11, 1, 0]
    Drone 1: 
        [0, 4, 9, 0]
        [0, 10, 0]
        [0, 12, 0]
    Drone 2: 
        [0, 19, 15, 0]
        [0, 5, 2, 20, 0]
