Pareto Count: 2
Solution 1:
    Served: 18
    Makespan: 4213.722635953475
    Truck 1: 
        [0, 4, 9, 14, 7, 11, 3, 18, 0]
    Truck 2: 
        [0, 6, 10, 0]
        [0, 20, 12, 0]
    Drone 1: 
        [0, 2, 5, 0]
        [0, 13, 0]
        [0, 17, 0]
        [0, 8, 0]
    Drone 2: 
        [0, 19, 1, 0]
Solution 2:
    Served: 16
    Makespan: 2975.1610977782384
    Truck 1: 
        [0, 4, 9, 14, 7, 11, 3, 18, 0]
    Truck 2: 
        [0, 6, 10, 0]
    Drone 1: 
        [0, 2, 5, 0]
        [0, 13, 0]
        [0, 17, 0]
        [0, 8, 0]
    Drone 2: 
        [0, 19, 1, 0]
