Pareto Count: 8
Solution 1:
    Served: 19
    Makespan: 866.172266863983
    Truck 1: 
        [0, 3, 18, 15, 12, 7, 0]
    Truck 2: 
        [0, 20, 4, 0]
        [0, 1, 0]
    Drone 1: 
        [0, 16, 0]
        [0, 14, 19, 0]
        [0, 6, 2, 0]
    Drone 2: 
        [0, 13, 0]
        [0, 9, 8, 10, 11, 5, 0]
Solution 2:
    Served: 18
    Makespan: 861.6402742537906
    Truck 1: 
        [0, 3, 18, 15, 7, 0]
    Truck 2: 
        [0, 20, 4, 0]
        [0, 1, 0]
    Drone 1: 
        [0, 16, 0]
        [0, 14, 19, 0]
        [0, 6, 2, 0]
    Drone 2: 
        [0, 13, 0]
        [0, 9, 8, 10, 11, 5, 0]
Solution 3:
    Served: 17
    Makespan: 810.2885852024671
    Truck 1: 
        [0, 16, 18, 15, 12, 7, 0]
    Truck 2: 
        [0, 20, 4, 0]
        [0, 1, 0]
    Drone 1: 
        [0, 13, 0]
        [0, 8, 9, 6, 0]
    Drone 2: 
        [0, 14, 0]
        [0, 19, 10, 11, 5, 0]
Solution 4:
    Served: 16
    Makespan: 797.3604856099313
    Truck 1: 
        [0, 16, 14, 15, 12, 7, 0]
    Truck 2: 
        [0, 3, 18, 19, 0]
    Drone 1: 
        [0, 13, 0]
        [0, 4, 0]
        [0, 6, 2, 0]
    Drone 2: 
        [0, 9, 8, 0]
        [0, 11, 0]
        [0, 5, 0]
Solution 5:
    Served: 14
    Makespan: 790.6208292422887
    Truck 1: 
        [0, 16, 3, 0]
        [0, 5, 0]
    Truck 2: 
        [0, 18, 14, 15, 0]
    Drone 1: 
        [0, 13, 0]
        [0, 4, 19, 0]
        [0, 11, 0]
    Drone 2: 
        [0, 9, 8, 0]
        [0, 6, 2, 0]
Solution 6:
    Served: 14
    Makespan: 790.6208292422887
    Truck 1: 
        [0, 16, 3, 0]
        [0, 5, 0]
    Truck 2: 
        [0, 18, 14, 15, 0]
    Drone 1: 
        [0, 13, 0]
        [0, 8, 19, 10, 11, 0]
    Drone 2: 
        [0, 9, 4, 2, 0]
Solution 7:
    Served: 13
    Makespan: 788.3294374311059
    Truck 1: 
        [0, 16, 14, 18, 19, 0]
    Truck 2: 
        [0, 3, 0]
        [0, 5, 0]
    Drone 1: 
        [0, 13, 0]
        [0, 6, 2, 0]
    Drone 2: 
        [0, 9, 8, 15, 10, 0]
Solution 8:
    Served: 13
    Makespan: 788.3294374311059
    Truck 1: 
        [0, 3, 0]
        [0, 5, 0]
    Truck 2: 
        [0, 18, 14, 15, 0]
    Drone 1: 
        [0, 16, 0]
        [0, 9, 19, 10, 0]
    Drone 2: 
        [0, 13, 0]
        [0, 8, 4, 11, 0]
