Pareto Count: 7
Solution 1:
    Served: 20
    Makespan: 644.0756776619669
    Truck 1: 
        [0, 17, 8, 0]
        [0, 18, 12, 1, 0]
    Truck 2: 
        [0, 9, 4, 19, 14, 15, 0]
    Drone 1: 
        [0, 20, 5, 0]
        [0, 10, 6, 11, 0]
    Drone 2: 
        [0, 13, 3, 2, 7, 16, 0]
Solution 2:
    Served: 19
    Makespan: 614.4382451111937
    Truck 1: 
        [0, 17, 8, 0]
        [0, 18, 12, 1, 0]
    Truck 2: 
        [0, 9, 19, 14, 15, 0]
    Drone 1: 
        [0, 20, 5, 0]
        [0, 3, 10, 2, 7, 0]
    Drone 2: 
        [0, 13, 0]
        [0, 6, 16, 11, 0]
Solution 3:
    Served: 18
    Makespan: 592.4074769083728
    Truck 1: 
        [0, 20, 5, 13, 0]
    Truck 2: 
        [0, 17, 8, 0]
        [0, 18, 12, 1, 0]
    Drone 1: 
        [0, 9, 4, 0]
        [0, 10, 3, 0]
    Drone 2: 
        [0, 19, 0]
        [0, 6, 11, 16, 7, 2, 0]
Solution 4:
    Served: 17
    Makespan: 584.3699980149011
    Truck 1: 
        [0, 17, 8, 0]
        [0, 18, 12, 1, 0]
    Truck 2: 
        [0, 9, 19, 14, 0]
    Drone 1: 
        [0, 20, 5, 0]
        [0, 3, 10, 2, 7, 0]
    Drone 2: 
        [0, 13, 0]
        [0, 6, 15, 0]
Solution 5:
    Served: 16
    Makespan: 578.8057978923987
    Truck 1: 
        [0, 17, 8, 0]
        [0, 18, 12, 1, 0]
    Truck 2: 
        [0, 9, 19, 14, 0]
    Drone 1: 
        [0, 20, 5, 0]
        [0, 3, 2, 7, 0]
    Drone 2: 
        [0, 13, 0]
        [0, 11, 15, 0]
Solution 6:
    Served: 15
    Makespan: 568.6427375275548
    Truck 1: 
        [0, 20, 5, 13, 0]
    Truck 2: 
        [0, 10, 18, 12, 1, 0]
    Drone 1: 
        [0, 17, 0]
        [0, 8, 0]
        [0, 2, 0]
        [0, 15, 0]
    Drone 2: 
        [0, 9, 4, 0]
        [0, 19, 6, 0]
Solution 7:
    Served: 14
    Makespan: 556.3255868520765
    Truck 1: 
        [0, 10, 18, 12, 1, 0]
    Truck 2: 
        [0, 14, 0]
    Drone 1: 
        [0, 20, 19, 0]
        [0, 2, 7, 0]
    Drone 2: 
        [0, 17, 0]
        [0, 8, 5, 13, 0]
        [0, 15, 0]
