Pareto Count: 8
Solution 1:
    Served: 18
    Makespan: 751.8917814224089
    Truck 1: 
        [0, 4, 2, 17, 6, 13, 20, 0]
    Truck 2: 
        [0, 9, 1, 0]
    Drone 1: 
        [0, 7, 5, 0]
        [0, 8, 14, 0]
        [0, 12, 0]
    Drone 2: 
        [0, 3, 16, 0]
        [0, 11, 15, 19, 0]
Solution 2:
    Served: 17
    Makespan: 744.2722986575908
    Truck 1: 
        [0, 7, 5, 3, 0]
    Truck 2: 
        [0, 4, 2, 17, 6, 13, 20, 0]
    Drone 1: 
        [0, 9, 0]
        [0, 16, 1, 0]
        [0, 12, 0]
    Drone 2: 
        [0, 8, 0]
        [0, 11, 15, 19, 0]
Solution 3:
    Served: 17
    Makespan: 744.2722986575908
    Truck 1: 
        [0, 7, 5, 3, 0]
    Truck 2: 
        [0, 4, 2, 17, 6, 13, 20, 0]
    Drone 1: 
        [0, 9, 0]
        [0, 16, 0]
        [0, 15, 19, 0]
    Drone 2: 
        [0, 8, 14, 1, 11, 0]
Solution 4:
    Served: 16
    Makespan: 660.4099744537244
    Truck 1: 
        [0, 17, 6, 8, 13, 0]
    Truck 2: 
        [0, 9, 1, 0]
    Drone 1: 
        [0, 7, 4, 2, 0]
        [0, 16, 0]
        [0, 11, 12, 0]
    Drone 2: 
        [0, 5, 3, 0]
        [0, 15, 19, 0]
Solution 5:
    Served: 15
    Makespan: 656.1183557754501
    Truck 1: 
        [0, 17, 8, 6, 0]
    Truck 2: 
        [0, 9, 1, 0]
    Drone 1: 
        [0, 7, 5, 0]
        [0, 16, 0]
        [0, 15, 19, 0]
    Drone 2: 
        [0, 4, 2, 0]
        [0, 13, 11, 12, 0]
Solution 6:
    Served: 15
    Makespan: 656.1183557754501
    Truck 1: 
        [0, 17, 6, 8, 0]
    Truck 2: 
        [0, 9, 1, 0]
    Drone 1: 
        [0, 7, 5, 0]
        [0, 16, 0]
        [0, 15, 19, 0]
    Drone 2: 
        [0, 4, 2, 0]
        [0, 13, 11, 12, 0]
Solution 7:
    Served: 14
    Makespan: 637.9345696792982
    Truck 1: 
        [0, 17, 8, 6, 0]
    Truck 2: 
        [0, 9, 1, 0]
    Drone 1: 
        [0, 7, 5, 0]
        [0, 16, 0]
        [0, 15, 19, 0]
    Drone 2: 
        [0, 4, 2, 0]
        [0, 13, 11, 0]
Solution 8:
    Served: 12
    Makespan: 604.7133000464582
    Truck 1: 
        [0, 7, 5, 3, 0]
    Truck 2: 
        [0, 9, 1, 0]
    Drone 1: 
        [0, 4, 2, 0]
        [0, 16, 0]
        [0, 13, 0]
    Drone 2: 
        [0, 8, 0]
        [0, 11, 12, 0]
