Pareto Count: 13
Solution 1:
    Served: 48
    Makespan: 1695.3279482124308
    Truck 1: 
        [0, 22, 15, 35, 12, 17, 40, 49, 42, 23, 44, 13, 0]
    Truck 2: 
        [0, 20, 29, 33, 4, 45, 0]
    Truck 3: 
        [0, 11, 14, 36, 21, 6, 10, 46, 48, 2, 0]
    Drone 1: 
        [0, 30, 32, 0]
        [0, 9, 3, 28, 0]
        [0, 43, 18, 7, 8, 0]
    Drone 2: 
        [0, 5, 41, 0]
        [0, 26, 0]
        [0, 25, 37, 0]
    Drone 3: 
        [0, 24, 0]
        [0, 50, 27, 47, 38, 0]
        [0, 16, 34, 1, 39, 0]
Solution 2:
    Served: 47
    Makespan: 1601.2866706970917
    Truck 1: 
        [0, 22, 15, 35, 12, 17, 40, 49, 42, 23, 44, 0]
    Truck 2: 
        [0, 20, 29, 33, 4, 45, 0]
    Truck 3: 
        [0, 11, 14, 36, 21, 6, 10, 46, 48, 0]
    Drone 1: 
        [0, 30, 32, 0]
        [0, 9, 3, 28, 0]
        [0, 43, 18, 7, 8, 0]
    Drone 2: 
        [0, 5, 41, 0]
        [0, 26, 0]
        [0, 25, 37, 0]
    Drone 3: 
        [0, 24, 0]
        [0, 50, 27, 47, 38, 0]
        [0, 16, 34, 1, 39, 2, 0]
Solution 3:
    Served: 45
    Makespan: 1553.7240366255935
    Truck 1: 
        [0, 22, 15, 35, 12, 17, 49, 42, 23, 44, 0]
    Truck 2: 
        [0, 20, 29, 33, 4, 46, 0]
    Truck 3: 
        [0, 11, 14, 36, 21, 6, 10, 13, 0]
    Drone 1: 
        [0, 30, 32, 0]
        [0, 9, 3, 28, 0]
        [0, 25, 37, 31, 0]
    Drone 2: 
        [0, 5, 41, 0]
        [0, 27, 47, 38, 0]
        [0, 16, 34, 1, 39, 0]
    Drone 3: 
        [0, 24, 0]
        [0, 50, 26, 0]
        [0, 43, 18, 0]
        [0, 48, 2, 0]
Solution 4:
    Served: 42
    Makespan: 1526.7846838754167
    Truck 1: 
        [0, 22, 15, 35, 12, 17, 49, 42, 23, 44, 0]
    Truck 2: 
        [0, 20, 29, 33, 6, 10, 13, 0]
    Truck 3: 
        [0, 11, 14, 36, 21, 0]
    Drone 1: 
        [0, 30, 32, 0]
        [0, 9, 3, 28, 0]
        [0, 43, 18, 7, 8, 0]
    Drone 2: 
        [0, 5, 41, 0]
        [0, 27, 47, 38, 0]
        [0, 25, 37, 31, 0]
    Drone 3: 
        [0, 24, 0]
        [0, 50, 26, 0]
        [0, 4, 0]
        [0, 48, 46, 0]
Solution 5:
    Served: 40
    Makespan: 1511.6690823300873
    Truck 1: 
        [0, 22, 15, 35, 12, 40, 49, 23, 44, 0]
    Truck 2: 
        [0, 20, 29, 33, 6, 10, 13, 0]
    Truck 3: 
        [0, 11, 14, 36, 21, 0]
    Drone 1: 
        [0, 30, 32, 0]
        [0, 9, 3, 28, 0]
        [0, 43, 18, 7, 8, 0]
    Drone 2: 
        [0, 5, 41, 0]
        [0, 27, 47, 38, 0]
        [0, 25, 1, 0]
    Drone 3: 
        [0, 24, 0]
        [0, 50, 26, 0]
        [0, 4, 0]
        [0, 48, 2, 0]
Solution 6:
    Served: 39
    Makespan: 1477.2709170639803
    Truck 1: 
        [0, 22, 11, 35, 12, 17, 40, 49, 42, 23, 44, 13, 0]
    Truck 2: 
        [0, 20, 15, 0]
        [0, 27, 47, 43, 18, 0]
    Truck 3: 
        [0, 29, 33, 0]
    Drone 1: 
        [0, 30, 32, 0]
        [0, 9, 3, 28, 0]
        [0, 25, 37, 31, 0]
    Drone 2: 
        [0, 5, 41, 0]
        [0, 38, 21, 6, 0]
        [0, 2, 48, 0]
    Drone 3: 
        [0, 50, 26, 0]
        [0, 4, 10, 46, 0]
Solution 7:
    Served: 37
    Makespan: 1471.663921910854
    Truck 1: 
        [0, 22, 11, 35, 12, 17, 40, 49, 42, 23, 44, 0]
    Truck 2: 
        [0, 20, 15, 0]
        [0, 13, 0]
    Truck 3: 
        [0, 29, 33, 0]
    Drone 1: 
        [0, 30, 32, 0]
        [0, 14, 0]
        [0, 4, 6, 10, 46, 2, 0]
    Drone 2: 
        [0, 5, 41, 0]
        [0, 27, 3, 28, 0]
        [0, 43, 18, 7, 0]
    Drone 3: 
        [0, 24, 0]
        [0, 50, 26, 0]
        [0, 38, 21, 16, 0]
Solution 8:
    Served: 36
    Makespan: 1428.803718935736
    Truck 1: 
        [0, 22, 11, 35, 12, 17, 40, 49, 42, 23, 44, 0]
    Truck 2: 
        [0, 20, 15, 0]
    Truck 3: 
        [0, 29, 33, 0]
    Drone 1: 
        [0, 30, 32, 0]
        [0, 9, 3, 28, 0]
        [0, 43, 7, 8, 0]
    Drone 2: 
        [0, 5, 41, 0]
        [0, 27, 47, 38, 21, 0]
        [0, 13, 0]
    Drone 3: 
        [0, 24, 14, 0]
        [0, 26, 0]
        [0, 6, 10, 46, 2, 0]
Solution 9:
    Served: 32
    Makespan: 1426.5865233881693
    Truck 1: 
        [0, 22, 15, 35, 0]
    Truck 2: 
        [0, 20, 24, 0]
        [0, 14, 0]
    Truck 3: 
        [0, 11, 29, 33, 0]
    Drone 1: 
        [0, 30, 32, 0]
        [0, 9, 3, 28, 0]
        [0, 43, 18, 7, 8, 0]
    Drone 2: 
        [0, 5, 41, 0]
        [0, 27, 47, 38, 21, 0]
        [0, 13, 48, 0]
    Drone 3: 
        [0, 50, 26, 0]
        [0, 4, 10, 6, 46, 0]
Solution 10:
    Served: 31
    Makespan: 1423.2523887893424
    Truck 1: 
        [0, 22, 15, 35, 0]
    Truck 2: 
        [0, 20, 24, 0]
        [0, 14, 0]
    Truck 3: 
        [0, 11, 29, 33, 0]
    Drone 1: 
        [0, 30, 32, 0]
        [0, 9, 3, 28, 0]
        [0, 43, 7, 8, 0]
    Drone 2: 
        [0, 5, 41, 0]
        [0, 27, 47, 38, 21, 0]
        [0, 13, 48, 0]
    Drone 3: 
        [0, 50, 26, 0]
        [0, 4, 6, 10, 46, 0]
Solution 11:
    Served: 28
    Makespan: 1387.3760399831765
    Truck 1: 
        [0, 22, 0]
    Truck 2: 
        [0, 20, 0]
    Truck 3: 
        [0, 11, 29, 33, 0]
    Drone 1: 
        [0, 30, 32, 0]
        [0, 14, 0]
        [0, 43, 18, 7, 8, 0]
    Drone 2: 
        [0, 5, 41, 35, 0]
        [0, 27, 47, 38, 21, 0]
        [0, 46, 48, 0]
    Drone 3: 
        [0, 15, 0]
        [0, 24, 50, 26, 0]
        [0, 42, 23, 13, 0]
Solution 12:
    Served: 27
    Makespan: 1378.1019022626779
    Truck 1: 
        [0, 20, 0]
    Truck 2: 
        [0, 29, 33, 0]
    Drone 1: 
        [0, 22, 5, 41, 19, 12, 0]
        [0, 47, 43, 25, 0]
    Drone 2: 
        [0, 11, 15, 0]
        [0, 24, 0]
        [0, 9, 27, 3, 0]
        [0, 23, 13, 0]
    Drone 3: 
        [0, 30, 32, 0]
        [0, 14, 0]
        [0, 4, 6, 10, 46, 2, 0]
Solution 13:
    Served: 25
    Makespan: 1348.1230461975836
    Truck 1: 
        [0, 20, 0]
    Truck 2: 
        [0, 29, 33, 0]
    Drone 1: 
        [0, 22, 15, 0]
        [0, 24, 50, 0]
        [0, 38, 21, 16, 0]
    Drone 2: 
        [0, 11, 0]
        [0, 35, 14, 0]
        [0, 4, 6, 10, 46, 2, 0]
    Drone 3: 
        [0, 30, 32, 0]
        [0, 27, 0]
        [0, 3, 28, 43, 0]
        [0, 13, 0]
