Pareto Count: 11
Solution 1:
    Served: 43
    Makespan: 2031.7725730597147
    Truck 1: 
        [0, 32, 34, 7, 33, 6, 18, 11, 20, 16, 0]
    Truck 2: 
        [0, 40, 45, 19, 49, 17, 0]
    Truck 3: 
        [0, 9, 27, 0]
        [0, 48, 10, 41, 0]
    Drone 1: 
        [0, 50, 14, 0]
        [0, 22, 30, 0]
        [0, 8, 1, 46, 0]
        [0, 36, 37, 0]
    Drone 2: 
        [0, 12, 28, 0]
        [0, 29, 26, 39, 0]
        [0, 38, 43, 0]
        [0, 31, 0]
    Drone 3: 
        [0, 5, 23, 44, 0]
        [0, 25, 13, 0]
        [0, 4, 3, 0]
Solution 2:
    Served: 42
    Makespan: 1915.4321922679942
    Truck 1: 
        [0, 40, 45, 19, 49, 0]
    Truck 2: 
        [0, 9, 27, 0]
        [0, 10, 0]
    Truck 3: 
        [0, 34, 7, 33, 6, 18, 11, 20, 16, 0]
    Drone 1: 
        [0, 32, 5, 0]
        [0, 35, 0]
        [0, 8, 46, 0]
        [0, 48, 17, 4, 3, 0]
    Drone 2: 
        [0, 50, 14, 0]
        [0, 22, 30, 0]
        [0, 25, 13, 0]
        [0, 38, 43, 2, 0]
        [0, 41, 0]
    Drone 3: 
        [0, 12, 28, 0]
        [0, 29, 26, 39, 0]
        [0, 36, 37, 31, 0]
Solution 3:
    Served: 40
    Makespan: 1892.6937027988529
    Truck 1: 
        [0, 40, 44, 0]
    Truck 2: 
        [0, 9, 27, 0]
        [0, 10, 0]
    Truck 3: 
        [0, 34, 7, 33, 6, 18, 11, 20, 16, 0]
    Drone 1: 
        [0, 32, 5, 0]
        [0, 35, 0]
        [0, 8, 46, 0]
        [0, 48, 17, 4, 3, 0]
    Drone 2: 
        [0, 50, 14, 0]
        [0, 22, 30, 0]
        [0, 25, 13, 0]
        [0, 38, 43, 2, 0]
        [0, 41, 0]
    Drone 3: 
        [0, 12, 28, 0]
        [0, 29, 26, 39, 0]
        [0, 36, 37, 31, 0]
Solution 4:
    Served: 39
    Makespan: 1865.272785449472
    Truck 1: 
        [0, 40, 44, 0]
    Truck 2: 
        [0, 9, 27, 0]
    Truck 3: 
        [0, 34, 7, 33, 6, 18, 11, 20, 16, 0]
    Drone 1: 
        [0, 32, 5, 0]
        [0, 35, 0]
        [0, 8, 1, 46, 0]
        [0, 10, 31, 0]
    Drone 2: 
        [0, 50, 14, 0]
        [0, 22, 30, 0]
        [0, 25, 13, 0]
        [0, 38, 43, 2, 0]
        [0, 41, 0]
    Drone 3: 
        [0, 12, 28, 0]
        [0, 29, 26, 39, 0]
        [0, 48, 17, 4, 3, 0]
Solution 5:
    Served: 38
    Makespan: 1848.0882627560577
    Truck 1: 
        [0, 40, 44, 0]
    Truck 2: 
        [0, 9, 27, 0]
        [0, 10, 0]
    Truck 3: 
        [0, 34, 7, 33, 6, 18, 11, 20, 16, 0]
    Drone 1: 
        [0, 32, 5, 0]
        [0, 35, 0]
        [0, 8, 46, 0]
        [0, 48, 17, 4, 3, 0]
    Drone 2: 
        [0, 50, 14, 0]
        [0, 22, 30, 0]
        [0, 25, 13, 0]
        [0, 38, 43, 2, 0]
        [0, 41, 0]
    Drone 3: 
        [0, 12, 28, 0]
        [0, 29, 1, 0]
        [0, 21, 0]
        [0, 31, 0]
Solution 6:
    Served: 38
    Makespan: 1848.0882627560577
    Truck 1: 
        [0, 40, 44, 0]
    Truck 2: 
        [0, 9, 27, 0]
    Truck 3: 
        [0, 34, 7, 33, 6, 18, 11, 20, 16, 0]
    Drone 1: 
        [0, 32, 5, 0]
        [0, 35, 0]
        [0, 8, 1, 46, 0]
        [0, 4, 10, 0]
    Drone 2: 
        [0, 50, 14, 0]
        [0, 22, 30, 0]
        [0, 25, 13, 0]
        [0, 38, 43, 2, 0]
        [0, 41, 0]
    Drone 3: 
        [0, 12, 28, 0]
        [0, 29, 26, 39, 0]
        [0, 48, 36, 31, 0]
Solution 7:
    Served: 37
    Makespan: 1838.3811503424613
    Truck 1: 
        [0, 40, 44, 0]
    Truck 2: 
        [0, 9, 27, 0]
    Truck 3: 
        [0, 34, 7, 33, 6, 18, 11, 20, 0]
    Drone 1: 
        [0, 32, 5, 0]
        [0, 35, 0]
        [0, 8, 46, 0]
        [0, 48, 17, 4, 3, 0]
    Drone 2: 
        [0, 50, 14, 0]
        [0, 22, 30, 0]
        [0, 25, 13, 0]
        [0, 38, 43, 2, 0]
        [0, 41, 0]
    Drone 3: 
        [0, 12, 28, 0]
        [0, 29, 1, 0]
        [0, 21, 10, 31, 0]
Solution 8:
    Served: 32
    Makespan: 1835.0871702641957
    Truck 1: 
        [0, 40, 34, 0]
    Truck 2: 
        [0, 9, 27, 0]
    Truck 3: 
        [0, 45, 19, 0]
    Drone 1: 
        [0, 32, 5, 0]
        [0, 35, 0]
        [0, 8, 46, 0]
        [0, 48, 17, 4, 3, 0]
    Drone 2: 
        [0, 50, 14, 0]
        [0, 22, 30, 0]
        [0, 25, 13, 0]
        [0, 38, 43, 2, 0]
        [0, 41, 0]
    Drone 3: 
        [0, 12, 28, 0]
        [0, 29, 26, 39, 0]
        [0, 10, 31, 0]
Solution 9:
    Served: 32
    Makespan: 1835.0871702641957
    Truck 1: 
        [0, 40, 44, 0]
    Truck 2: 
        [0, 9, 27, 0]
    Truck 3: 
        [0, 45, 19, 0]
    Drone 1: 
        [0, 32, 5, 0]
        [0, 35, 0]
        [0, 8, 46, 0]
        [0, 48, 17, 4, 3, 0]
    Drone 2: 
        [0, 50, 14, 0]
        [0, 22, 30, 0]
        [0, 25, 13, 0]
        [0, 38, 43, 2, 0]
        [0, 41, 0]
    Drone 3: 
        [0, 12, 28, 0]
        [0, 29, 1, 0]
        [0, 21, 10, 31, 0]
Solution 10:
    Served: 32
    Makespan: 1835.0871702641957
    Truck 1: 
        [0, 40, 34, 0]
    Truck 2: 
        [0, 9, 27, 0]
    Truck 3: 
        [0, 45, 19, 0]
    Drone 1: 
        [0, 32, 5, 0]
        [0, 35, 0]
        [0, 8, 46, 0]
        [0, 48, 17, 4, 3, 0]
    Drone 2: 
        [0, 50, 14, 0]
        [0, 22, 30, 0]
        [0, 25, 13, 0]
        [0, 36, 31, 0]
    Drone 3: 
        [0, 12, 28, 0]
        [0, 29, 26, 39, 0]
        [0, 38, 43, 10, 0]
        [0, 41, 0]
Solution 11:
    Served: 31
    Makespan: 1790.9697997627904
    Truck 1: 
        [0, 40, 34, 0]
    Truck 2: 
        [0, 9, 27, 0]
    Truck 3: 
        [0, 45, 19, 0]
    Drone 1: 
        [0, 32, 5, 0]
        [0, 35, 0]
        [0, 8, 46, 0]
        [0, 48, 17, 4, 10, 0]
    Drone 2: 
        [0, 50, 14, 0]
        [0, 22, 30, 0]
        [0, 25, 13, 0]
        [0, 36, 31, 0]
    Drone 3: 
        [0, 12, 28, 0]
        [0, 29, 26, 39, 0]
        [0, 38, 43, 0]
        [0, 41, 0]
