Pareto Count: 5
Solution 1:
    Served: 44
    Makespan: 1678.9718897563546
    Truck 1: 
        [0, 28, 47, 8, 2, 7, 46, 49, 20, 27, 0]
    Truck 2: 
        [0, 19, 31, 44, 23, 35, 26, 40, 48, 0]
    Truck 3: 
        [0, 25, 9, 43, 5, 37, 16, 29, 11, 0]
    Drone 1: 
        [0, 22, 0]
        [0, 38, 0]
        [0, 10, 45, 42, 50, 0]
        [0, 17, 0]
    Drone 2: 
        [0, 14, 0]
        [0, 24, 13, 0]
        [0, 32, 15, 1, 0]
    Drone 3: 
        [0, 3, 18, 0]
        [0, 21, 0]
        [0, 12, 41, 6, 0]
Solution 2:
    Served: 44
    Makespan: 1678.9718897563546
    Truck 1: 
        [0, 28, 47, 8, 2, 7, 46, 49, 20, 27, 0]
    Truck 2: 
        [0, 19, 31, 44, 23, 35, 26, 40, 48, 0]
    Truck 3: 
        [0, 25, 9, 43, 5, 37, 16, 29, 11, 0]
    Drone 1: 
        [0, 22, 0]
        [0, 38, 0]
        [0, 10, 45, 50, 42, 0]
        [0, 17, 0]
    Drone 2: 
        [0, 14, 0]
        [0, 24, 13, 0]
        [0, 32, 15, 1, 0]
    Drone 3: 
        [0, 3, 18, 0]
        [0, 21, 0]
        [0, 12, 41, 6, 0]
Solution 3:
    Served: 40
    Makespan: 1663.2797968090367
    Truck 1: 
        [0, 28, 47, 8, 2, 7, 46, 20, 27, 0]
    Truck 2: 
        [0, 19, 31, 44, 35, 40, 48, 0]
    Truck 3: 
        [0, 25, 9, 43, 5, 37, 16, 29, 11, 0]
    Drone 1: 
        [0, 22, 0]
        [0, 38, 0]
        [0, 10, 42, 45, 50, 0]
    Drone 2: 
        [0, 14, 0]
        [0, 24, 13, 0]
        [0, 32, 15, 0]
        [0, 17, 0]
    Drone 3: 
        [0, 3, 18, 0]
        [0, 21, 0]
        [0, 49, 41, 6, 0]
Solution 4:
    Served: 37
    Makespan: 1552.0248912145175
    Truck 1: 
        [0, 28, 47, 8, 2, 33, 39, 0]
    Truck 2: 
        [0, 19, 31, 4, 0]
        [0, 36, 32, 0]
    Truck 3: 
        [0, 25, 9, 43, 5, 37, 16, 29, 11, 0]
    Drone 1: 
        [0, 22, 0]
        [0, 44, 0]
        [0, 10, 42, 45, 50, 0]
        [0, 17, 0]
    Drone 2: 
        [0, 14, 0]
        [0, 38, 0]
        [0, 34, 12, 41, 6, 0]
    Drone 3: 
        [0, 3, 18, 0]
        [0, 21, 0]
        [0, 49, 15, 0]
Solution 5:
    Served: 28
    Makespan: 1545.0296468974848
    Truck 1: 
        [0, 28, 47, 19, 4, 35, 0]
    Truck 2: 
        [0, 8, 7, 46, 0]
    Drone 1: 
        [0, 22, 0]
        [0, 44, 0]
        [0, 10, 42, 45, 50, 0]
        [0, 17, 0]
    Drone 2: 
        [0, 14, 0]
        [0, 38, 0]
        [0, 34, 29, 49, 1, 0]
    Drone 3: 
        [0, 3, 18, 0]
        [0, 24, 39, 0]
        [0, 32, 15, 11, 0]
