Pareto Count: 10
Solution 1:
    Served: 49
    Makespan: 1815.7032044447435
    Truck 1: 
        [0, 32, 8, 21, 1, 24, 48, 27, 42, 22, 46, 0]
    Truck 2: 
        [0, 26, 7, 38, 43, 41, 13, 16, 47, 20, 19, 0]
    Truck 3: 
        [0, 49, 40, 2, 12, 4, 36, 31, 44, 3, 0]
    Drone 1: 
        [0, 17, 28, 45, 34, 0]
        [0, 23, 33, 0]
        [0, 18, 39, 0]
    Drone 2: 
        [0, 50, 9, 11, 0]
        [0, 6, 10, 35, 0]
    Drone 3: 
        [0, 15, 29, 0]
        [0, 5, 30, 0]
        [0, 25, 37, 0]
Solution 2:
    Served: 47
    Makespan: 1698.0585847097113
    Truck 1: 
        [0, 32, 8, 21, 24, 48, 27, 42, 22, 46, 0]
    Truck 2: 
        [0, 26, 7, 38, 43, 41, 13, 16, 47, 19, 0]
    Truck 3: 
        [0, 49, 40, 2, 12, 4, 36, 31, 44, 3, 0]
    Drone 1: 
        [0, 17, 28, 34, 45, 0]
        [0, 5, 30, 0]
        [0, 25, 37, 0]
    Drone 2: 
        [0, 50, 9, 11, 0]
        [0, 6, 10, 35, 0]
        [0, 39, 0]
    Drone 3: 
        [0, 15, 29, 0]
        [0, 23, 33, 0]
        [0, 20, 0]
Solution 3:
    Served: 46
    Makespan: 1650.5071534890417
    Truck 1: 
        [0, 32, 8, 21, 1, 24, 48, 27, 42, 22, 46, 0]
    Truck 2: 
        [0, 26, 7, 38, 43, 41, 13, 16, 0]
    Truck 3: 
        [0, 49, 40, 2, 12, 4, 36, 31, 0]
    Drone 1: 
        [0, 17, 28, 34, 45, 0]
        [0, 5, 30, 0]
        [0, 25, 37, 0]
    Drone 2: 
        [0, 50, 9, 11, 0]
        [0, 6, 10, 35, 0]
        [0, 14, 20, 19, 0]
    Drone 3: 
        [0, 15, 29, 0]
        [0, 23, 33, 0]
        [0, 47, 0]
Solution 4:
    Served: 44
    Makespan: 1650.1973109301448
    Truck 1: 
        [0, 32, 8, 21, 1, 24, 48, 42, 22, 46, 0]
    Truck 2: 
        [0, 26, 7, 38, 43, 41, 13, 16, 0]
    Truck 3: 
        [0, 49, 40, 2, 12, 4, 31, 0]
    Drone 1: 
        [0, 17, 28, 45, 34, 0]
        [0, 23, 33, 0]
        [0, 14, 20, 19, 0]
    Drone 2: 
        [0, 50, 9, 11, 0]
        [0, 6, 10, 35, 0]
        [0, 47, 0]
    Drone 3: 
        [0, 15, 29, 0]
        [0, 5, 30, 0]
        [0, 44, 3, 0]
Solution 5:
    Served: 43
    Makespan: 1638.5795037848836
    Truck 1: 
        [0, 32, 8, 21, 1, 24, 48, 27, 42, 22, 0]
    Truck 2: 
        [0, 26, 7, 38, 43, 0]
        [0, 46, 0]
    Truck 3: 
        [0, 49, 40, 2, 12, 36, 4, 31, 3, 0]
    Drone 1: 
        [0, 17, 28, 45, 34, 0]
        [0, 23, 33, 0]
        [0, 14, 20, 19, 0]
    Drone 2: 
        [0, 50, 9, 11, 0]
        [0, 6, 10, 35, 0]
        [0, 47, 0]
    Drone 3: 
        [0, 15, 29, 0]
        [0, 5, 30, 0]
        [0, 16, 0]
Solution 6:
    Served: 42
    Makespan: 1618.5201504136298
    Truck 1: 
        [0, 32, 8, 21, 1, 24, 48, 27, 0]
    Truck 2: 
        [0, 26, 7, 38, 43, 41, 13, 16, 0]
    Truck 3: 
        [0, 49, 40, 2, 12, 31, 44, 3, 0]
    Drone 1: 
        [0, 17, 28, 45, 34, 0]
        [0, 23, 33, 0]
        [0, 14, 0]
    Drone 2: 
        [0, 50, 9, 11, 0]
        [0, 6, 10, 35, 0]
        [0, 47, 0]
    Drone 3: 
        [0, 15, 29, 0]
        [0, 5, 30, 42, 0]
        [0, 20, 19, 0]
Solution 7:
    Served: 40
    Makespan: 1578.027470847041
    Truck 1: 
        [0, 32, 8, 21, 24, 48, 27, 42, 22, 46, 0]
    Truck 2: 
        [0, 26, 7, 38, 43, 41, 13, 16, 0]
    Truck 3: 
        [0, 49, 40, 2, 23, 35, 0]
    Drone 1: 
        [0, 17, 28, 45, 34, 0]
        [0, 5, 30, 0]
        [0, 10, 18, 39, 0]
    Drone 2: 
        [0, 50, 11, 0]
        [0, 14, 20, 0]
    Drone 3: 
        [0, 15, 29, 0]
        [0, 6, 31, 0]
        [0, 47, 19, 0]
Solution 8:
    Served: 39
    Makespan: 1527.889956702961
    Truck 1: 
        [0, 32, 8, 21, 24, 48, 27, 42, 22, 0]
    Truck 2: 
        [0, 26, 7, 38, 43, 0]
        [0, 46, 0]
    Truck 3: 
        [0, 49, 40, 2, 12, 4, 36, 0]
    Drone 1: 
        [0, 17, 28, 45, 34, 0]
        [0, 5, 30, 0]
        [0, 16, 14, 20, 0]
    Drone 2: 
        [0, 50, 9, 11, 0]
        [0, 31, 44, 0]
    Drone 3: 
        [0, 15, 29, 0]
        [0, 6, 33, 10, 0]
        [0, 47, 0]
Solution 9:
    Served: 28
    Makespan: 1511.2435937126672
    Truck 1: 
        [0, 7, 38, 0]
        [0, 22, 0]
    Truck 2: 
        [0, 40, 2, 12, 4, 36, 31, 0]
    Truck 3: 
        [0, 6, 0]
        [0, 46, 0]
    Drone 1: 
        [0, 32, 17, 8, 0]
        [0, 1, 24, 48, 0]
    Drone 2: 
        [0, 26, 28, 0]
        [0, 43, 0]
        [0, 44, 3, 0]
    Drone 3: 
        [0, 49, 50, 0]
        [0, 23, 35, 0]
        [0, 47, 20, 0]
Solution 10:
    Served: 23
    Makespan: 1510.577612016393
    Truck 1: 
        [0, 7, 0]
        [0, 22, 0]
    Truck 2: 
        [0, 40, 0]
        [0, 46, 0]
    Drone 1: 
        [0, 32, 8, 0]
        [0, 38, 43, 5, 0]
        [0, 16, 47, 20, 0]
    Drone 2: 
        [0, 26, 0]
        [0, 15, 29, 0]
        [0, 6, 31, 0]
    Drone 3: 
        [0, 49, 28, 0]
        [0, 23, 33, 0]
        [0, 44, 3, 0]
