Pareto Count: 11
Solution 1:
    Served: 19
    Makespan: 4941.47819852061
    Truck 1: 
        [0, 33, 24, 0]
        [0, 23, 0]
        [0, 48, 15, 0]
    Truck 2: 
        [0, 38, 41, 0]
        [0, 8, 0]
    Truck 3: 
        [0, 12, 5, 0]
    Drone 1: 
        [0, 50, 0]
        [0, 25, 0]
        [0, 16, 0]
        [0, 36, 0]
        [0, 45, 0]
    Drone 2: 
        [0, 1, 0]
        [0, 4, 0]
        [0, 7, 0]
    Drone 3: 
        [0, 43, 0]
Solution 2:
    Served: 19
    Makespan: 4941.47819852061
    Truck 1: 
        [0, 33, 24, 0]
        [0, 48, 15, 0]
    Truck 2: 
        [0, 38, 41, 0]
    Truck 3: 
        [0, 12, 5, 0]
    Drone 1: 
        [0, 50, 0]
        [0, 25, 0]
        [0, 16, 0]
        [0, 45, 0]
        [0, 23, 0]
    Drone 2: 
        [0, 1, 0]
        [0, 4, 36, 0]
        [0, 8, 0]
    Drone 3: 
        [0, 43, 0]
        [0, 7, 0]
Solution 3:
    Served: 19
    Makespan: 4941.47819852061
    Truck 1: 
        [0, 33, 24, 0]
        [0, 48, 15, 0]
    Truck 2: 
        [0, 38, 41, 0]
    Truck 3: 
        [0, 12, 5, 0]
    Drone 1: 
        [0, 50, 0]
        [0, 25, 0]
        [0, 16, 0]
        [0, 36, 0]
        [0, 45, 0]
        [0, 23, 8, 0]
    Drone 2: 
        [0, 1, 0]
        [0, 4, 0]
        [0, 7, 0]
    Drone 3: 
        [0, 43, 0]
Solution 4:
    Served: 19
    Makespan: 4941.47819852061
    Truck 1: 
        [0, 33, 24, 0]
        [0, 48, 15, 0]
    Truck 2: 
        [0, 38, 41, 0]
    Truck 3: 
        [0, 12, 5, 0]
    Drone 1: 
        [0, 50, 43, 0]
        [0, 25, 0]
        [0, 16, 0]
        [0, 36, 0]
        [0, 45, 0]
        [0, 23, 8, 0]
    Drone 2: 
        [0, 1, 0]
        [0, 4, 0]
        [0, 7, 0]
Solution 5:
    Served: 19
    Makespan: 4941.47819852061
    Truck 1: 
        [0, 33, 24, 0]
        [0, 23, 0]
        [0, 48, 15, 0]
    Truck 2: 
        [0, 38, 41, 0]
    Truck 3: 
        [0, 12, 5, 0]
    Drone 1: 
        [0, 50, 0]
        [0, 25, 0]
        [0, 16, 0]
        [0, 36, 0]
        [0, 45, 0]
        [0, 8, 0]
    Drone 2: 
        [0, 1, 0]
        [0, 4, 0]
        [0, 7, 0]
    Drone 3: 
        [0, 43, 0]
Solution 6:
    Served: 19
    Makespan: 4941.47819852061
    Truck 1: 
        [0, 33, 24, 0]
        [0, 48, 15, 0]
    Truck 2: 
        [0, 38, 41, 0]
    Truck 3: 
        [0, 12, 5, 0]
    Drone 1: 
        [0, 50, 43, 0]
        [0, 25, 0]
        [0, 16, 0]
        [0, 45, 0]
        [0, 23, 0]
    Drone 2: 
        [0, 1, 0]
        [0, 4, 36, 0]
        [0, 8, 0]
    Drone 3: 
        [0, 7, 0]
Solution 7:
    Served: 19
    Makespan: 4941.47819852061
    Truck 1: 
        [0, 33, 24, 0]
        [0, 23, 0]
        [0, 48, 15, 0]
    Truck 2: 
        [0, 38, 41, 0]
        [0, 8, 0]
    Truck 3: 
        [0, 12, 5, 0]
    Drone 1: 
        [0, 50, 43, 0]
        [0, 25, 0]
        [0, 16, 0]
        [0, 45, 0]
    Drone 2: 
        [0, 1, 0]
        [0, 4, 36, 0]
    Drone 3: 
        [0, 7, 0]
Solution 8:
    Served: 19
    Makespan: 4941.47819852061
    Truck 1: 
        [0, 33, 24, 0]
        [0, 23, 0]
        [0, 48, 15, 0]
    Truck 2: 
        [0, 38, 41, 0]
        [0, 8, 0]
    Truck 3: 
        [0, 12, 5, 0]
    Drone 1: 
        [0, 50, 0]
        [0, 25, 0]
        [0, 16, 0]
        [0, 45, 0]
    Drone 2: 
        [0, 1, 0]
        [0, 4, 36, 0]
    Drone 3: 
        [0, 43, 0]
        [0, 7, 0]
Solution 9:
    Served: 19
    Makespan: 4941.47819852061
    Truck 1: 
        [0, 33, 24, 0]
        [0, 23, 0]
        [0, 48, 15, 0]
    Truck 2: 
        [0, 38, 41, 0]
        [0, 8, 0]
    Truck 3: 
        [0, 12, 5, 0]
    Drone 1: 
        [0, 50, 43, 0]
        [0, 25, 0]
        [0, 16, 0]
        [0, 36, 0]
        [0, 45, 0]
    Drone 2: 
        [0, 1, 0]
        [0, 4, 0]
        [0, 7, 0]
Solution 10:
    Served: 19
    Makespan: 4941.47819852061
    Truck 1: 
        [0, 33, 24, 0]
        [0, 48, 15, 0]
    Truck 2: 
        [0, 38, 41, 0]
    Truck 3: 
        [0, 12, 5, 0]
    Drone 1: 
        [0, 50, 43, 0]
        [0, 25, 0]
        [0, 16, 0]
        [0, 45, 0]
        [0, 23, 8, 0]
    Drone 2: 
        [0, 1, 0]
        [0, 4, 36, 0]
    Drone 3: 
        [0, 7, 0]
Solution 11:
    Served: 19
    Makespan: 4941.47819852061
    Truck 1: 
        [0, 33, 24, 0]
        [0, 48, 15, 0]
    Truck 2: 
        [0, 38, 41, 0]
    Truck 3: 
        [0, 12, 5, 0]
    Drone 1: 
        [0, 50, 0]
        [0, 25, 0]
        [0, 16, 0]
        [0, 45, 0]
        [0, 23, 8, 0]
    Drone 2: 
        [0, 1, 0]
        [0, 4, 36, 0]
    Drone 3: 
        [0, 43, 0]
        [0, 7, 0]
