Pareto Count: 5
Solution 1:
    Served: 29
    Makespan: 4111.6577994706995
    Truck 1: 
        [0, 10, 7, 19, 38, 24, 27, 5, 0]
    Truck 2: 
        [0, 22, 44, 0]
        [0, 42, 0]
        [0, 3, 0]
    Truck 3: 
        [0, 40, 25, 0]
    Drone 1: 
        [0, 39, 17, 0]
        [0, 49, 0]
        [0, 34, 0]
        [0, 12, 0]
        [0, 46, 0]
        [0, 6, 0]
        [0, 43, 0]
    Drone 2: 
        [0, 4, 0]
        [0, 11, 0]
        [0, 31, 0]
        [0, 32, 1, 0]
        [0, 14, 0]
    Drone 3: 
        [0, 23, 0]
        [0, 28, 0]
Solution 2:
    Served: 29
    Makespan: 4111.6577994706995
    Truck 1: 
        [0, 10, 7, 19, 38, 24, 27, 5, 0]
    Truck 2: 
        [0, 22, 44, 0]
        [0, 42, 0]
        [0, 3, 0]
    Truck 3: 
        [0, 40, 25, 0]
    Drone 1: 
        [0, 39, 4, 0]
        [0, 28, 0]
        [0, 12, 0]
        [0, 46, 0]
        [0, 6, 0]
        [0, 43, 0]
    Drone 2: 
        [0, 23, 0]
        [0, 11, 0]
        [0, 31, 0]
        [0, 32, 1, 0]
        [0, 14, 0]
    Drone 3: 
        [0, 17, 49, 0]
        [0, 34, 0]
Solution 3:
    Served: 29
    Makespan: 4111.6577994706995
    Truck 1: 
        [0, 10, 7, 19, 38, 24, 27, 5, 0]
    Truck 2: 
        [0, 22, 44, 0]
        [0, 42, 0]
        [0, 3, 0]
    Truck 3: 
        [0, 40, 25, 0]
    Drone 1: 
        [0, 39, 4, 17, 0]
        [0, 28, 34, 0]
        [0, 12, 0]
        [0, 46, 0]
        [0, 6, 0]
        [0, 43, 0]
    Drone 2: 
        [0, 23, 0]
        [0, 11, 0]
        [0, 31, 0]
        [0, 32, 1, 0]
        [0, 14, 0]
    Drone 3: 
        [0, 49, 0]
Solution 4:
    Served: 29
    Makespan: 4111.6577994706995
    Truck 1: 
        [0, 10, 7, 19, 38, 24, 27, 5, 0]
    Truck 2: 
        [0, 22, 44, 0]
        [0, 42, 0]
        [0, 3, 0]
    Truck 3: 
        [0, 40, 25, 0]
    Drone 1: 
        [0, 39, 0]
        [0, 49, 0]
        [0, 12, 31, 0]
        [0, 32, 1, 0]
        [0, 14, 0]
        [0, 43, 0]
    Drone 2: 
        [0, 4, 17, 0]
        [0, 28, 34, 0]
        [0, 46, 0]
        [0, 6, 0]
    Drone 3: 
        [0, 23, 0]
        [0, 11, 0]
Solution 5:
    Served: 29
    Makespan: 4111.6577994706995
    Truck 1: 
        [0, 10, 7, 19, 38, 24, 27, 5, 0]
    Truck 2: 
        [0, 22, 44, 0]
        [0, 42, 0]
        [0, 3, 0]
    Truck 3: 
        [0, 40, 25, 0]
    Drone 1: 
        [0, 39, 4, 17, 0]
        [0, 28, 0]
        [0, 12, 0]
        [0, 46, 0]
        [0, 6, 0]
        [0, 43, 0]
    Drone 2: 
        [0, 23, 0]
        [0, 11, 0]
        [0, 31, 0]
        [0, 32, 1, 0]
        [0, 14, 0]
    Drone 3: 
        [0, 49, 0]
        [0, 34, 0]
