Pareto Count: 10
Solution 1:
    Served: 39
    Makespan: 4171.17858813843
    Truck 1: 
        [0, 19, 29, 9, 23, 21, 11, 2, 33, 13, 44, 0]
    Truck 2: 
        [0, 8, 42, 0]
    Truck 3: 
        [0, 40, 32, 14, 17, 6, 5, 37, 7, 22, 1, 45, 39, 0]
    Drone 1: 
        [0, 15, 0]
        [0, 41, 0]
        [0, 46, 0]
        [0, 20, 0]
        [0, 47, 0]
        [0, 3, 0]
    Drone 2: 
        [0, 26, 34, 0]
        [0, 18, 48, 0]
        [0, 24, 0]
        [0, 31, 0]
        [0, 12, 0]
    Drone 3: 
        [0, 49, 0]
        [0, 30, 0]
Solution 2:
    Served: 39
    Makespan: 4171.17858813843
    Truck 1: 
        [0, 19, 29, 9, 23, 21, 11, 2, 33, 13, 44, 0]
    Truck 2: 
        [0, 8, 42, 0]
    Truck 3: 
        [0, 40, 32, 14, 17, 6, 5, 37, 7, 22, 1, 45, 39, 0]
    Drone 1: 
        [0, 15, 0]
        [0, 41, 48, 0]
        [0, 46, 0]
        [0, 20, 0]
        [0, 47, 0]
        [0, 3, 0]
    Drone 2: 
        [0, 26, 34, 0]
        [0, 18, 0]
        [0, 30, 0]
        [0, 24, 0]
        [0, 31, 0]
        [0, 12, 0]
    Drone 3: 
        [0, 49, 0]
Solution 3:
    Served: 39
    Makespan: 4171.17858813843
    Truck 1: 
        [0, 19, 29, 9, 23, 21, 11, 2, 33, 13, 44, 0]
    Truck 2: 
        [0, 8, 42, 0]
    Truck 3: 
        [0, 40, 32, 14, 17, 6, 5, 37, 7, 22, 1, 45, 39, 0]
    Drone 1: 
        [0, 15, 0]
        [0, 41, 0]
        [0, 46, 0]
        [0, 20, 0]
        [0, 47, 31, 0]
        [0, 3, 0]
    Drone 2: 
        [0, 26, 34, 0]
        [0, 18, 48, 0]
        [0, 24, 0]
        [0, 12, 0]
    Drone 3: 
        [0, 49, 0]
        [0, 30, 0]
Solution 4:
    Served: 39
    Makespan: 4171.17858813843
    Truck 1: 
        [0, 15, 0]
        [0, 40, 32, 14, 17, 6, 5, 37, 7, 22, 1, 45, 39, 0]
    Truck 2: 
        [0, 19, 29, 9, 23, 21, 11, 2, 33, 13, 44, 0]
    Truck 3: 
        [0, 8, 42, 0]
    Drone 1: 
        [0, 26, 34, 0]
        [0, 41, 0]
        [0, 46, 0]
        [0, 20, 0]
        [0, 47, 0]
        [0, 3, 0]
    Drone 2: 
        [0, 49, 0]
        [0, 18, 0]
        [0, 30, 0]
        [0, 24, 0]
        [0, 31, 0]
        [0, 12, 0]
    Drone 3: 
        [0, 48, 0]
Solution 5:
    Served: 39
    Makespan: 4171.17858813843
    Truck 1: 
        [0, 19, 29, 9, 23, 21, 11, 2, 33, 13, 44, 0]
    Truck 2: 
        [0, 8, 42, 0]
    Truck 3: 
        [0, 40, 32, 14, 17, 6, 5, 37, 7, 22, 1, 45, 39, 0]
    Drone 1: 
        [0, 15, 0]
        [0, 41, 0]
        [0, 46, 0]
        [0, 20, 0]
        [0, 47, 0]
        [0, 3, 0]
    Drone 2: 
        [0, 26, 34, 0]
        [0, 18, 0]
        [0, 30, 0]
        [0, 24, 0]
        [0, 31, 0]
        [0, 12, 0]
    Drone 3: 
        [0, 49, 0]
        [0, 48, 0]
Solution 6:
    Served: 38
    Makespan: 3949.6839137510187
    Truck 1: 
        [0, 19, 29, 9, 23, 21, 11, 2, 33, 13, 44, 0]
    Truck 2: 
        [0, 8, 42, 0]
    Truck 3: 
        [0, 40, 32, 14, 17, 6, 5, 37, 7, 22, 1, 0]
    Drone 1: 
        [0, 15, 0]
        [0, 41, 0]
        [0, 46, 0]
        [0, 20, 0]
        [0, 47, 0]
        [0, 3, 12, 0]
    Drone 2: 
        [0, 26, 34, 0]
        [0, 18, 48, 0]
        [0, 24, 0]
        [0, 31, 0]
        [0, 45, 0]
    Drone 3: 
        [0, 49, 0]
        [0, 30, 0]
Solution 7:
    Served: 38
    Makespan: 3949.6839137510187
    Truck 1: 
        [0, 19, 29, 9, 23, 21, 11, 2, 33, 13, 44, 0]
    Truck 2: 
        [0, 8, 42, 0]
    Truck 3: 
        [0, 40, 32, 14, 17, 6, 5, 37, 7, 22, 1, 0]
    Drone 1: 
        [0, 15, 0]
        [0, 41, 0]
        [0, 46, 0]
        [0, 20, 0]
        [0, 47, 0]
        [0, 3, 12, 0]
    Drone 2: 
        [0, 26, 34, 0]
        [0, 18, 48, 0]
        [0, 24, 0]
        [0, 45, 0]
    Drone 3: 
        [0, 49, 0]
        [0, 30, 0]
        [0, 31, 0]
Solution 8:
    Served: 38
    Makespan: 3949.6839137510187
    Truck 1: 
        [0, 15, 0]
        [0, 40, 32, 14, 17, 6, 5, 37, 7, 22, 1, 0]
    Truck 2: 
        [0, 19, 29, 9, 23, 21, 11, 2, 33, 13, 44, 0]
    Truck 3: 
        [0, 8, 42, 0]
    Drone 1: 
        [0, 26, 34, 0]
        [0, 41, 0]
        [0, 46, 0]
        [0, 20, 0]
        [0, 47, 0]
        [0, 3, 12, 0]
    Drone 2: 
        [0, 49, 0]
        [0, 18, 0]
        [0, 24, 0]
        [0, 31, 0]
        [0, 45, 0]
    Drone 3: 
        [0, 48, 30, 0]
Solution 9:
    Served: 29
    Makespan: 3891.016159215598
    Truck 1: 
        [0, 15, 0]
        [0, 40, 32, 14, 17, 6, 5, 37, 7, 22, 1, 0]
    Truck 2: 
        [0, 19, 0]
        [0, 20, 0]
    Truck 3: 
        [0, 29, 9, 0]
    Drone 1: 
        [0, 26, 34, 0]
        [0, 41, 48, 0]
        [0, 46, 0]
        [0, 24, 0]
        [0, 47, 0]
        [0, 3, 12, 0]
    Drone 2: 
        [0, 49, 0]
        [0, 18, 0]
        [0, 30, 0]
        [0, 45, 0]
    Drone 3: 
        [0, 31, 0]
Solution 10:
    Served: 29
    Makespan: 3891.016159215598
    Truck 1: 
        [0, 15, 0]
        [0, 40, 32, 14, 17, 6, 5, 37, 7, 22, 1, 0]
    Truck 2: 
        [0, 19, 0]
        [0, 20, 0]
    Truck 3: 
        [0, 29, 9, 0]
    Drone 1: 
        [0, 26, 34, 0]
        [0, 41, 0]
        [0, 46, 0]
        [0, 24, 0]
        [0, 47, 0]
        [0, 3, 12, 0]
    Drone 2: 
        [0, 49, 0]
        [0, 18, 0]
        [0, 45, 0]
    Drone 3: 
        [0, 48, 30, 0]
        [0, 31, 0]
