Pareto Count: 38
Solution 1:
    Served: 30
    Makespan: 4865.973071612334
    Truck 1: 
        [0, 24, 7, 0]
        [0, 33, 0]
        [0, 36, 0]
    Truck 2: 
        [0, 41, 19, 0]
    Truck 3: 
        [0, 2, 28, 14, 31, 22, 13, 18, 0]
    Drone 1: 
        [0, 29, 23, 0]
        [0, 21, 0]
        [0, 20, 42, 0]
        [0, 27, 0]
        [0, 35, 0]
    Drone 2: 
        [0, 47, 39, 0]
        [0, 5, 0]
        [0, 10, 0]
        [0, 15, 45, 0]
    Drone 3: 
        [0, 49, 0]
        [0, 25, 0]
        [0, 26, 3, 0]
Solution 2:
    Served: 30
    Makespan: 4865.973071612334
    Truck 1: 
        [0, 24, 50, 0]
        [0, 36, 0]
    Truck 2: 
        [0, 41, 19, 0]
        [0, 33, 0]
    Truck 3: 
        [0, 2, 28, 14, 31, 22, 13, 18, 0]
    Drone 1: 
        [0, 29, 23, 0]
        [0, 21, 0]
        [0, 20, 42, 0]
        [0, 27, 0]
        [0, 35, 0]
    Drone 2: 
        [0, 47, 39, 0]
        [0, 5, 0]
        [0, 10, 0]
        [0, 15, 45, 0]
    Drone 3: 
        [0, 49, 0]
        [0, 25, 0]
        [0, 26, 3, 0]
Solution 3:
    Served: 30
    Makespan: 4865.973071612334
    Truck 1: 
        [0, 24, 7, 0]
    Truck 2: 
        [0, 41, 19, 0]
        [0, 33, 0]
        [0, 36, 0]
    Truck 3: 
        [0, 21, 0]
        [0, 2, 28, 14, 31, 22, 13, 18, 0]
    Drone 1: 
        [0, 29, 23, 0]
        [0, 5, 0]
        [0, 10, 0]
        [0, 15, 45, 0]
    Drone 2: 
        [0, 47, 39, 0]
        [0, 25, 0]
        [0, 26, 3, 0]
        [0, 35, 0]
    Drone 3: 
        [0, 49, 0]
        [0, 20, 42, 0]
        [0, 27, 0]
Solution 4:
    Served: 30
    Makespan: 4865.973071612334
    Truck 1: 
        [0, 24, 7, 0]
    Truck 2: 
        [0, 41, 19, 0]
        [0, 33, 36, 0]
    Truck 3: 
        [0, 21, 0]
        [0, 2, 28, 14, 31, 22, 13, 18, 0]
    Drone 1: 
        [0, 29, 23, 0]
        [0, 5, 0]
        [0, 10, 0]
        [0, 15, 45, 0]
    Drone 2: 
        [0, 47, 39, 0]
        [0, 25, 0]
        [0, 26, 3, 0]
        [0, 35, 0]
    Drone 3: 
        [0, 49, 0]
        [0, 20, 42, 0]
        [0, 27, 0]
Solution 5:
    Served: 30
    Makespan: 4865.973071612334
    Truck 1: 
        [0, 24, 50, 0]
    Truck 2: 
        [0, 41, 19, 0]
        [0, 33, 36, 0]
    Truck 3: 
        [0, 21, 0]
        [0, 2, 28, 14, 31, 22, 13, 18, 0]
    Drone 1: 
        [0, 29, 23, 0]
        [0, 5, 0]
        [0, 10, 0]
        [0, 15, 45, 0]
    Drone 2: 
        [0, 47, 39, 0]
        [0, 25, 0]
        [0, 26, 3, 0]
        [0, 35, 0]
    Drone 3: 
        [0, 49, 0]
        [0, 20, 42, 0]
        [0, 27, 0]
Solution 6:
    Served: 30
    Makespan: 4865.973071612334
    Truck 1: 
        [0, 24, 7, 0]
        [0, 33, 0]
    Truck 2: 
        [0, 41, 19, 0]
        [0, 36, 0]
    Truck 3: 
        [0, 2, 28, 14, 31, 22, 13, 18, 0]
    Drone 1: 
        [0, 29, 23, 0]
        [0, 21, 0]
        [0, 20, 42, 0]
        [0, 27, 0]
        [0, 35, 0]
    Drone 2: 
        [0, 47, 39, 0]
        [0, 5, 0]
        [0, 10, 0]
        [0, 15, 45, 0]
    Drone 3: 
        [0, 49, 0]
        [0, 25, 0]
        [0, 26, 3, 0]
Solution 7:
    Served: 30
    Makespan: 4865.973071612334
    Truck 1: 
        [0, 24, 7, 0]
    Truck 2: 
        [0, 41, 19, 0]
        [0, 33, 36, 0]
    Truck 3: 
        [0, 2, 28, 14, 31, 22, 13, 18, 0]
    Drone 1: 
        [0, 29, 23, 0]
        [0, 21, 0]
        [0, 20, 42, 0]
        [0, 27, 0]
        [0, 35, 0]
    Drone 2: 
        [0, 47, 39, 0]
        [0, 5, 0]
        [0, 10, 0]
        [0, 15, 45, 0]
    Drone 3: 
        [0, 49, 0]
        [0, 25, 0]
        [0, 26, 3, 0]
Solution 8:
    Served: 30
    Makespan: 4865.973071612334
    Truck 1: 
        [0, 24, 7, 0]
        [0, 33, 0]
        [0, 36, 0]
    Truck 2: 
        [0, 41, 19, 0]
    Truck 3: 
        [0, 21, 0]
        [0, 2, 28, 14, 31, 22, 13, 18, 0]
    Drone 1: 
        [0, 29, 23, 0]
        [0, 5, 0]
        [0, 10, 0]
        [0, 15, 45, 0]
    Drone 2: 
        [0, 47, 39, 0]
        [0, 25, 0]
        [0, 26, 3, 0]
        [0, 35, 0]
    Drone 3: 
        [0, 49, 0]
        [0, 20, 42, 0]
        [0, 27, 0]
Solution 9:
    Served: 30
    Makespan: 4865.973071612334
    Truck 1: 
        [0, 24, 7, 0]
        [0, 33, 0]
    Truck 2: 
        [0, 41, 19, 0]
        [0, 36, 0]
    Truck 3: 
        [0, 21, 0]
        [0, 2, 28, 14, 31, 22, 13, 18, 0]
    Drone 1: 
        [0, 29, 23, 0]
        [0, 5, 0]
        [0, 10, 0]
        [0, 15, 45, 0]
    Drone 2: 
        [0, 47, 39, 0]
        [0, 25, 0]
        [0, 26, 3, 0]
        [0, 35, 0]
    Drone 3: 
        [0, 49, 0]
        [0, 20, 42, 0]
        [0, 27, 0]
Solution 10:
    Served: 30
    Makespan: 4865.973071612334
    Truck 1: 
        [0, 24, 7, 0]
    Truck 2: 
        [0, 41, 19, 0]
        [0, 33, 0]
        [0, 36, 0]
    Truck 3: 
        [0, 2, 28, 14, 31, 22, 13, 18, 0]
    Drone 1: 
        [0, 29, 23, 0]
        [0, 21, 0]
        [0, 20, 42, 0]
        [0, 27, 0]
        [0, 35, 0]
    Drone 2: 
        [0, 47, 39, 0]
        [0, 5, 0]
        [0, 10, 0]
        [0, 15, 45, 0]
    Drone 3: 
        [0, 49, 0]
        [0, 25, 0]
        [0, 26, 3, 0]
Solution 11:
    Served: 30
    Makespan: 4865.973071612334
    Truck 1: 
        [0, 24, 50, 0]
    Truck 2: 
        [0, 41, 19, 0]
        [0, 33, 0]
        [0, 36, 0]
    Truck 3: 
        [0, 2, 28, 14, 31, 22, 13, 18, 0]
    Drone 1: 
        [0, 29, 23, 0]
        [0, 21, 0]
        [0, 20, 42, 0]
        [0, 27, 0]
        [0, 35, 0]
    Drone 2: 
        [0, 47, 39, 0]
        [0, 5, 0]
        [0, 10, 0]
        [0, 15, 45, 0]
    Drone 3: 
        [0, 49, 0]
        [0, 25, 0]
        [0, 26, 3, 0]
Solution 12:
    Served: 30
    Makespan: 4865.973071612334
    Truck 1: 
        [0, 24, 50, 0]
        [0, 33, 0]
        [0, 36, 0]
    Truck 2: 
        [0, 41, 19, 0]
    Truck 3: 
        [0, 21, 0]
        [0, 2, 28, 14, 31, 22, 13, 18, 0]
    Drone 1: 
        [0, 29, 23, 0]
        [0, 5, 0]
        [0, 10, 0]
        [0, 15, 45, 0]
    Drone 2: 
        [0, 47, 39, 0]
        [0, 25, 0]
        [0, 26, 3, 0]
        [0, 35, 0]
    Drone 3: 
        [0, 49, 0]
        [0, 20, 42, 0]
        [0, 27, 0]
Solution 13:
    Served: 30
    Makespan: 4865.973071612334
    Truck 1: 
        [0, 24, 7, 0]
        [0, 36, 0]
    Truck 2: 
        [0, 41, 19, 0]
        [0, 33, 0]
    Truck 3: 
        [0, 2, 28, 14, 31, 22, 13, 18, 0]
    Drone 1: 
        [0, 29, 23, 0]
        [0, 21, 0]
        [0, 20, 42, 0]
        [0, 27, 0]
        [0, 35, 0]
    Drone 2: 
        [0, 47, 39, 0]
        [0, 5, 0]
        [0, 10, 0]
        [0, 15, 45, 0]
    Drone 3: 
        [0, 49, 0]
        [0, 25, 0]
        [0, 26, 3, 0]
Solution 14:
    Served: 30
    Makespan: 4865.973071612334
    Truck 1: 
        [0, 24, 7, 0]
        [0, 33, 36, 0]
    Truck 2: 
        [0, 41, 19, 0]
    Truck 3: 
        [0, 2, 28, 14, 31, 22, 13, 18, 0]
    Drone 1: 
        [0, 29, 23, 0]
        [0, 21, 0]
        [0, 20, 42, 0]
        [0, 27, 0]
        [0, 35, 0]
    Drone 2: 
        [0, 47, 39, 0]
        [0, 5, 0]
        [0, 10, 0]
        [0, 15, 45, 0]
    Drone 3: 
        [0, 49, 0]
        [0, 25, 0]
        [0, 26, 3, 0]
Solution 15:
    Served: 30
    Makespan: 4865.973071612334
    Truck 1: 
        [0, 24, 50, 0]
        [0, 33, 36, 0]
    Truck 2: 
        [0, 41, 19, 0]
    Truck 3: 
        [0, 2, 28, 14, 31, 22, 13, 18, 0]
    Drone 1: 
        [0, 29, 23, 0]
        [0, 21, 0]
        [0, 20, 42, 0]
        [0, 27, 0]
        [0, 35, 0]
    Drone 2: 
        [0, 47, 39, 0]
        [0, 5, 0]
        [0, 10, 0]
        [0, 15, 45, 0]
    Drone 3: 
        [0, 49, 0]
        [0, 25, 0]
        [0, 26, 3, 0]
Solution 16:
    Served: 30
    Makespan: 4865.973071612334
    Truck 1: 
        [0, 24, 50, 0]
        [0, 33, 0]
    Truck 2: 
        [0, 41, 19, 0]
        [0, 36, 0]
    Truck 3: 
        [0, 2, 28, 14, 31, 22, 13, 18, 0]
    Drone 1: 
        [0, 29, 23, 0]
        [0, 21, 0]
        [0, 20, 42, 0]
        [0, 27, 0]
        [0, 35, 0]
    Drone 2: 
        [0, 47, 39, 0]
        [0, 5, 0]
        [0, 10, 0]
        [0, 15, 45, 0]
    Drone 3: 
        [0, 49, 0]
        [0, 25, 0]
        [0, 26, 3, 0]
Solution 17:
    Served: 30
    Makespan: 4865.973071612334
    Truck 1: 
        [0, 24, 7, 0]
        [0, 33, 36, 0]
    Truck 2: 
        [0, 41, 19, 0]
    Truck 3: 
        [0, 21, 0]
        [0, 2, 28, 14, 31, 22, 13, 18, 0]
    Drone 1: 
        [0, 29, 23, 0]
        [0, 5, 0]
        [0, 10, 0]
        [0, 15, 45, 0]
    Drone 2: 
        [0, 47, 39, 0]
        [0, 25, 0]
        [0, 26, 3, 0]
        [0, 35, 0]
    Drone 3: 
        [0, 49, 0]
        [0, 20, 42, 0]
        [0, 27, 0]
Solution 18:
    Served: 30
    Makespan: 4865.973071612334
    Truck 1: 
        [0, 24, 7, 0]
        [0, 36, 0]
    Truck 2: 
        [0, 41, 19, 0]
        [0, 33, 0]
    Truck 3: 
        [0, 21, 0]
        [0, 2, 28, 14, 31, 22, 13, 18, 0]
    Drone 1: 
        [0, 29, 23, 0]
        [0, 5, 0]
        [0, 10, 0]
        [0, 15, 45, 0]
    Drone 2: 
        [0, 47, 39, 0]
        [0, 25, 0]
        [0, 26, 3, 0]
        [0, 35, 0]
    Drone 3: 
        [0, 49, 0]
        [0, 20, 42, 0]
        [0, 27, 0]
Solution 19:
    Served: 30
    Makespan: 4865.973071612334
    Truck 1: 
        [0, 24, 50, 0]
        [0, 36, 0]
    Truck 2: 
        [0, 41, 19, 0]
        [0, 33, 0]
    Truck 3: 
        [0, 21, 0]
        [0, 2, 28, 14, 31, 22, 13, 18, 0]
    Drone 1: 
        [0, 29, 23, 0]
        [0, 5, 0]
        [0, 10, 0]
        [0, 15, 45, 0]
    Drone 2: 
        [0, 47, 39, 0]
        [0, 25, 0]
        [0, 26, 3, 0]
        [0, 35, 0]
    Drone 3: 
        [0, 49, 0]
        [0, 20, 42, 0]
        [0, 27, 0]
Solution 20:
    Served: 30
    Makespan: 4865.973071612334
    Truck 1: 
        [0, 24, 50, 0]
    Truck 2: 
        [0, 41, 19, 0]
        [0, 33, 36, 0]
    Truck 3: 
        [0, 2, 28, 14, 31, 22, 13, 18, 0]
    Drone 1: 
        [0, 29, 23, 0]
        [0, 21, 0]
        [0, 20, 42, 0]
        [0, 27, 0]
        [0, 35, 0]
    Drone 2: 
        [0, 47, 39, 0]
        [0, 5, 0]
        [0, 10, 0]
        [0, 15, 45, 0]
    Drone 3: 
        [0, 49, 0]
        [0, 25, 0]
        [0, 26, 3, 0]
Solution 21:
    Served: 30
    Makespan: 4865.973071612334
    Truck 1: 
        [0, 24, 50, 0]
    Truck 2: 
        [0, 41, 19, 0]
        [0, 33, 0]
        [0, 36, 0]
    Truck 3: 
        [0, 21, 0]
        [0, 2, 28, 14, 31, 22, 13, 18, 0]
    Drone 1: 
        [0, 29, 23, 0]
        [0, 5, 0]
        [0, 10, 0]
        [0, 15, 45, 0]
    Drone 2: 
        [0, 47, 39, 0]
        [0, 25, 0]
        [0, 26, 3, 0]
        [0, 35, 0]
    Drone 3: 
        [0, 49, 0]
        [0, 20, 42, 0]
        [0, 27, 0]
Solution 22:
    Served: 30
    Makespan: 4865.973071612334
    Truck 1: 
        [0, 24, 50, 0]
        [0, 33, 0]
    Truck 2: 
        [0, 41, 19, 0]
        [0, 36, 0]
    Truck 3: 
        [0, 21, 0]
        [0, 2, 28, 14, 31, 22, 13, 18, 0]
    Drone 1: 
        [0, 29, 23, 0]
        [0, 5, 0]
        [0, 10, 0]
        [0, 15, 45, 0]
    Drone 2: 
        [0, 47, 39, 0]
        [0, 25, 0]
        [0, 26, 3, 0]
        [0, 35, 0]
    Drone 3: 
        [0, 49, 0]
        [0, 20, 42, 0]
        [0, 27, 0]
Solution 23:
    Served: 29
    Makespan: 4611.1626640385275
    Truck 1: 
        [0, 24, 7, 0]
    Truck 2: 
        [0, 41, 19, 0]
        [0, 33, 0]
        [0, 36, 0]
    Truck 3: 
        [0, 21, 0]
        [0, 2, 28, 14, 31, 9, 18, 0]
    Drone 1: 
        [0, 29, 23, 0]
        [0, 5, 0]
        [0, 10, 0]
        [0, 15, 45, 0]
    Drone 2: 
        [0, 47, 39, 0]
        [0, 25, 0]
        [0, 26, 3, 0]
        [0, 35, 0]
    Drone 3: 
        [0, 49, 0]
        [0, 20, 42, 0]
        [0, 27, 0]
Solution 24:
    Served: 29
    Makespan: 4611.1626640385275
    Truck 1: 
        [0, 24, 50, 0]
        [0, 33, 0]
    Truck 2: 
        [0, 41, 19, 0]
        [0, 36, 0]
    Truck 3: 
        [0, 2, 28, 14, 31, 9, 18, 0]
    Drone 1: 
        [0, 29, 23, 0]
        [0, 21, 0]
        [0, 20, 42, 0]
        [0, 27, 0]
        [0, 35, 0]
    Drone 2: 
        [0, 47, 39, 0]
        [0, 5, 0]
        [0, 10, 0]
        [0, 15, 45, 0]
    Drone 3: 
        [0, 49, 0]
        [0, 25, 0]
        [0, 26, 3, 0]
Solution 25:
    Served: 29
    Makespan: 4611.1626640385275
    Truck 1: 
        [0, 24, 7, 0]
        [0, 33, 0]
    Truck 2: 
        [0, 41, 19, 0]
        [0, 36, 0]
    Truck 3: 
        [0, 2, 28, 14, 31, 9, 18, 0]
    Drone 1: 
        [0, 29, 23, 0]
        [0, 21, 0]
        [0, 20, 42, 0]
        [0, 27, 0]
        [0, 35, 0]
    Drone 2: 
        [0, 47, 39, 0]
        [0, 5, 0]
        [0, 10, 0]
        [0, 15, 45, 0]
    Drone 3: 
        [0, 49, 0]
        [0, 25, 0]
        [0, 26, 3, 0]
Solution 26:
    Served: 29
    Makespan: 4611.1626640385275
    Truck 1: 
        [0, 24, 7, 0]
    Truck 2: 
        [0, 41, 19, 0]
        [0, 33, 36, 0]
    Truck 3: 
        [0, 21, 0]
        [0, 2, 28, 14, 31, 9, 18, 0]
    Drone 1: 
        [0, 29, 23, 0]
        [0, 5, 0]
        [0, 10, 0]
        [0, 15, 45, 0]
    Drone 2: 
        [0, 47, 39, 0]
        [0, 25, 0]
        [0, 26, 3, 0]
        [0, 35, 0]
    Drone 3: 
        [0, 49, 0]
        [0, 20, 42, 0]
        [0, 27, 0]
Solution 27:
    Served: 29
    Makespan: 4611.1626640385275
    Truck 1: 
        [0, 24, 7, 0]
    Truck 2: 
        [0, 41, 19, 0]
        [0, 33, 36, 0]
    Truck 3: 
        [0, 2, 28, 14, 31, 9, 18, 0]
    Drone 1: 
        [0, 29, 23, 0]
        [0, 21, 0]
        [0, 20, 42, 0]
        [0, 27, 0]
        [0, 35, 0]
    Drone 2: 
        [0, 47, 39, 0]
        [0, 5, 0]
        [0, 10, 0]
        [0, 15, 45, 0]
    Drone 3: 
        [0, 49, 0]
        [0, 25, 0]
        [0, 26, 3, 0]
Solution 28:
    Served: 29
    Makespan: 4611.1626640385275
    Truck 1: 
        [0, 24, 50, 0]
    Truck 2: 
        [0, 41, 19, 0]
        [0, 33, 36, 0]
    Truck 3: 
        [0, 2, 28, 14, 31, 9, 18, 0]
    Drone 1: 
        [0, 29, 23, 0]
        [0, 21, 0]
        [0, 20, 42, 0]
        [0, 27, 0]
        [0, 35, 0]
    Drone 2: 
        [0, 47, 39, 0]
        [0, 5, 0]
        [0, 10, 0]
        [0, 15, 45, 0]
    Drone 3: 
        [0, 49, 0]
        [0, 25, 0]
        [0, 26, 3, 0]
Solution 29:
    Served: 29
    Makespan: 4611.1626640385275
    Truck 1: 
        [0, 24, 7, 0]
    Truck 2: 
        [0, 41, 19, 0]
        [0, 33, 0]
        [0, 36, 0]
    Truck 3: 
        [0, 2, 28, 14, 31, 9, 18, 0]
    Drone 1: 
        [0, 29, 23, 0]
        [0, 21, 0]
        [0, 20, 42, 0]
        [0, 27, 0]
        [0, 35, 0]
    Drone 2: 
        [0, 47, 39, 0]
        [0, 5, 0]
        [0, 10, 0]
        [0, 15, 45, 0]
    Drone 3: 
        [0, 49, 0]
        [0, 25, 0]
        [0, 26, 3, 0]
Solution 30:
    Served: 29
    Makespan: 4611.1626640385275
    Truck 1: 
        [0, 24, 7, 0]
        [0, 36, 0]
    Truck 2: 
        [0, 41, 19, 0]
        [0, 33, 0]
    Truck 3: 
        [0, 21, 0]
        [0, 2, 28, 14, 31, 9, 18, 0]
    Drone 1: 
        [0, 29, 23, 0]
        [0, 5, 0]
        [0, 10, 0]
        [0, 15, 45, 0]
    Drone 2: 
        [0, 47, 39, 0]
        [0, 25, 0]
        [0, 26, 3, 0]
        [0, 35, 0]
    Drone 3: 
        [0, 49, 0]
        [0, 20, 42, 0]
        [0, 27, 0]
Solution 31:
    Served: 29
    Makespan: 4611.1626640385275
    Truck 1: 
        [0, 24, 7, 0]
        [0, 36, 0]
    Truck 2: 
        [0, 41, 19, 0]
        [0, 33, 0]
    Truck 3: 
        [0, 2, 28, 14, 31, 9, 18, 0]
    Drone 1: 
        [0, 29, 23, 0]
        [0, 21, 0]
        [0, 20, 42, 0]
        [0, 27, 0]
        [0, 35, 0]
    Drone 2: 
        [0, 47, 39, 0]
        [0, 5, 0]
        [0, 10, 0]
        [0, 15, 45, 0]
    Drone 3: 
        [0, 49, 0]
        [0, 25, 0]
        [0, 26, 3, 0]
Solution 32:
    Served: 29
    Makespan: 4611.1626640385275
    Truck 1: 
        [0, 24, 50, 0]
        [0, 33, 0]
    Truck 2: 
        [0, 41, 19, 0]
        [0, 36, 0]
    Truck 3: 
        [0, 21, 0]
        [0, 2, 28, 14, 31, 9, 18, 0]
    Drone 1: 
        [0, 29, 23, 0]
        [0, 5, 0]
        [0, 10, 0]
        [0, 15, 45, 0]
    Drone 2: 
        [0, 47, 39, 0]
        [0, 25, 0]
        [0, 26, 3, 0]
        [0, 35, 0]
    Drone 3: 
        [0, 49, 0]
        [0, 20, 42, 0]
        [0, 27, 0]
Solution 33:
    Served: 27
    Makespan: 4404.578241644872
    Truck 1: 
        [0, 24, 50, 0]
        [0, 33, 0]
    Truck 2: 
        [0, 41, 19, 0]
        [0, 36, 0]
    Truck 3: 
        [0, 21, 0]
        [0, 2, 28, 31, 9, 0]
    Drone 1: 
        [0, 29, 23, 0]
        [0, 5, 0]
        [0, 10, 0]
        [0, 15, 45, 0]
    Drone 2: 
        [0, 47, 39, 0]
        [0, 25, 0]
        [0, 26, 3, 0]
        [0, 35, 0]
    Drone 3: 
        [0, 49, 0]
        [0, 20, 42, 0]
        [0, 27, 0]
Solution 34:
    Served: 27
    Makespan: 4404.578241644872
    Truck 1: 
        [0, 24, 50, 0]
        [0, 33, 0]
    Truck 2: 
        [0, 41, 19, 0]
        [0, 36, 0]
    Truck 3: 
        [0, 2, 28, 31, 9, 0]
    Drone 1: 
        [0, 29, 23, 0]
        [0, 21, 0]
        [0, 20, 42, 0]
        [0, 27, 0]
        [0, 35, 0]
    Drone 2: 
        [0, 47, 39, 0]
        [0, 5, 0]
        [0, 10, 0]
        [0, 15, 45, 0]
    Drone 3: 
        [0, 49, 0]
        [0, 25, 0]
        [0, 26, 3, 0]
Solution 35:
    Served: 27
    Makespan: 4404.578241644872
    Truck 1: 
        [0, 24, 50, 0]
        [0, 36, 0]
    Truck 2: 
        [0, 41, 19, 0]
        [0, 33, 0]
    Truck 3: 
        [0, 2, 28, 31, 9, 0]
    Drone 1: 
        [0, 29, 23, 0]
        [0, 21, 0]
        [0, 20, 42, 0]
        [0, 27, 0]
        [0, 35, 0]
    Drone 2: 
        [0, 47, 39, 0]
        [0, 5, 0]
        [0, 10, 0]
        [0, 15, 45, 0]
    Drone 3: 
        [0, 49, 0]
        [0, 25, 0]
        [0, 26, 3, 0]
Solution 36:
    Served: 27
    Makespan: 4404.578241644872
    Truck 1: 
        [0, 24, 50, 0]
        [0, 36, 0]
    Truck 2: 
        [0, 41, 19, 0]
        [0, 33, 0]
    Truck 3: 
        [0, 21, 0]
        [0, 2, 28, 31, 9, 0]
    Drone 1: 
        [0, 29, 23, 0]
        [0, 5, 0]
        [0, 10, 0]
        [0, 15, 45, 0]
    Drone 2: 
        [0, 47, 39, 0]
        [0, 25, 0]
        [0, 26, 3, 0]
        [0, 35, 0]
    Drone 3: 
        [0, 49, 0]
        [0, 20, 42, 0]
        [0, 27, 0]
Solution 37:
    Served: 27
    Makespan: 4404.578241644872
    Truck 1: 
        [0, 24, 7, 0]
        [0, 33, 0]
    Truck 2: 
        [0, 41, 19, 0]
        [0, 36, 0]
    Truck 3: 
        [0, 21, 0]
        [0, 2, 28, 31, 9, 0]
    Drone 1: 
        [0, 29, 23, 0]
        [0, 5, 0]
        [0, 10, 0]
        [0, 15, 45, 0]
    Drone 2: 
        [0, 47, 39, 0]
        [0, 25, 0]
        [0, 26, 3, 0]
        [0, 35, 0]
    Drone 3: 
        [0, 49, 0]
        [0, 20, 42, 0]
        [0, 27, 0]
Solution 38:
    Served: 27
    Makespan: 4404.578241644872
    Truck 1: 
        [0, 24, 7, 0]
        [0, 36, 0]
    Truck 2: 
        [0, 41, 19, 0]
        [0, 33, 0]
    Truck 3: 
        [0, 2, 28, 31, 9, 0]
    Drone 1: 
        [0, 29, 23, 0]
        [0, 21, 0]
        [0, 20, 42, 0]
        [0, 27, 0]
        [0, 35, 0]
    Drone 2: 
        [0, 47, 39, 0]
        [0, 5, 0]
        [0, 10, 0]
        [0, 15, 45, 0]
    Drone 3: 
        [0, 49, 0]
        [0, 25, 0]
        [0, 26, 3, 0]
