Pareto Count: 2
Solution 1:
    Served: 21
    Makespan: 7987.905407968899
    Truck 1: 
        [0, 15, 40, 0]
        [0, 11, 4, 27, 0]
        [0, 33, 2, 0]
        [0, 31, 0]
    Truck 2: 
        [0, 16, 26, 0]
        [0, 5, 6, 0]
    Truck 3: 
        [0, 36, 38, 0]
        [0, 19, 37, 0]
    Drone 1: 
        [0, 25, 13, 0]
        [0, 29, 0]
        [0, 42, 0]
        [0, 50, 0]
Solution 2:
    Served: 21
    Makespan: 7987.905407968899
    Truck 1: 
        [0, 15, 40, 0]
        [0, 11, 4, 0]
        [0, 33, 2, 0]
        [0, 31, 0]
    Truck 2: 
        [0, 16, 26, 0]
        [0, 5, 6, 0]
    Truck 3: 
        [0, 36, 38, 0]
        [0, 19, 37, 0]
    Drone 1: 
        [0, 25, 13, 0]
        [0, 29, 0]
        [0, 42, 0]
        [0, 50, 0]
        [0, 27, 0]
