Pareto Count: 5
Solution 1:
    Served: 21
    Makespan: 8783.346704095524
    Truck 1: 
        [0, 27, 40, 0]
        [0, 2, 0]
        [0, 45, 28, 0]
        [0, 1, 0]
    Truck 2: 
        [0, 4, 9, 0]
        [0, 35, 0]
        [0, 8, 41, 0]
    Truck 3: 
        [0, 7, 36, 0]
        [0, 24, 47, 0]
    Drone 1: 
        [0, 14, 0]
        [0, 22, 0]
    Drone 2: 
        [0, 42, 0]
        [0, 21, 0]
    Drone 3: 
        [0, 50, 38, 0]
Solution 2:
    Served: 21
    Makespan: 8783.346704095524
    Truck 1: 
        [0, 27, 40, 0]
        [0, 2, 0]
        [0, 45, 28, 0]
        [0, 1, 0]
    Truck 2: 
        [0, 4, 9, 0]
        [0, 35, 0]
        [0, 8, 41, 0]
    Truck 3: 
        [0, 7, 36, 0]
        [0, 24, 47, 0]
    Drone 1: 
        [0, 14, 50, 0]
        [0, 22, 0]
    Drone 2: 
        [0, 42, 38, 0]
    Drone 3: 
        [0, 21, 0]
Solution 3:
    Served: 21
    Makespan: 8783.346704095524
    Truck 1: 
        [0, 27, 40, 0]
        [0, 2, 0]
        [0, 45, 28, 0]
        [0, 1, 0]
    Truck 2: 
        [0, 4, 9, 0]
        [0, 35, 0]
        [0, 8, 41, 0]
    Truck 3: 
        [0, 7, 36, 0]
        [0, 24, 47, 0]
    Drone 1: 
        [0, 14, 0]
        [0, 22, 0]
    Drone 2: 
        [0, 42, 38, 0]
    Drone 3: 
        [0, 50, 0]
        [0, 21, 0]
Solution 4:
    Served: 21
    Makespan: 8783.346704095524
    Truck 1: 
        [0, 27, 40, 0]
        [0, 2, 0]
        [0, 45, 28, 0]
        [0, 1, 0]
    Truck 2: 
        [0, 4, 9, 0]
        [0, 35, 0]
        [0, 8, 41, 0]
    Truck 3: 
        [0, 7, 36, 0]
        [0, 24, 47, 0]
    Drone 1: 
        [0, 14, 50, 0]
        [0, 22, 0]
    Drone 2: 
        [0, 42, 0]
        [0, 21, 0]
    Drone 3: 
        [0, 38, 0]
Solution 5:
    Served: 21
    Makespan: 8783.346704095524
    Truck 1: 
        [0, 27, 40, 0]
        [0, 2, 0]
        [0, 45, 28, 0]
        [0, 1, 0]
    Truck 2: 
        [0, 4, 9, 0]
        [0, 35, 0]
        [0, 8, 41, 0]
    Truck 3: 
        [0, 7, 36, 0]
        [0, 24, 47, 0]
    Drone 1: 
        [0, 14, 0]
        [0, 22, 21, 0]
    Drone 2: 
        [0, 42, 38, 0]
    Drone 3: 
        [0, 50, 0]
