Pareto Count: 14
Solution 1:
    Served: 16
    Makespan: 8208.8033721818
    Truck 1: 
        [0, 9, 26, 0]
        [0, 15, 0]
        [0, 39, 42, 0]
    Truck 2: 
        [0, 10, 4, 0]
        [0, 25, 5, 0]
    Truck 3: 
        [0, 11, 32, 0]
        [0, 8, 19, 0]
    Drone 1: 
        [0, 21, 40, 0]
        [0, 50, 0]
Solution 2:
    Served: 16
    Makespan: 8208.8033721818
    Truck 1: 
        [0, 9, 26, 0]
        [0, 15, 0]
        [0, 39, 42, 0]
    Truck 2: 
        [0, 10, 4, 0]
        [0, 8, 19, 0]
    Truck 3: 
        [0, 11, 14, 0]
        [0, 25, 5, 0]
    Drone 1: 
        [0, 21, 40, 0]
        [0, 50, 0]
Solution 3:
    Served: 16
    Makespan: 8208.8033721818
    Truck 1: 
        [0, 9, 26, 0]
        [0, 15, 0]
        [0, 39, 42, 0]
    Truck 2: 
        [0, 10, 4, 0]
        [0, 25, 5, 0]
    Truck 3: 
        [0, 11, 32, 0]
        [0, 8, 19, 0]
    Drone 1: 
        [0, 21, 0]
        [0, 50, 0]
    Drone 2: 
        [0, 40, 0]
Solution 4:
    Served: 16
    Makespan: 8208.8033721818
    Truck 1: 
        [0, 9, 26, 0]
        [0, 25, 5, 0]
    Truck 2: 
        [0, 10, 4, 0]
        [0, 8, 19, 0]
    Truck 3: 
        [0, 11, 32, 0]
        [0, 15, 0]
        [0, 39, 42, 0]
    Drone 1: 
        [0, 21, 40, 0]
        [0, 50, 0]
Solution 5:
    Served: 16
    Makespan: 8208.8033721818
    Truck 1: 
        [0, 9, 26, 0]
        [0, 15, 0]
        [0, 39, 42, 0]
    Truck 2: 
        [0, 10, 4, 0]
        [0, 25, 5, 0]
    Truck 3: 
        [0, 11, 14, 0]
        [0, 8, 19, 0]
    Drone 1: 
        [0, 21, 40, 0]
        [0, 50, 0]
Solution 6:
    Served: 16
    Makespan: 8208.8033721818
    Truck 1: 
        [0, 9, 26, 0]
        [0, 15, 0]
        [0, 39, 42, 0]
    Truck 2: 
        [0, 10, 4, 0]
        [0, 8, 19, 0]
    Truck 3: 
        [0, 11, 14, 0]
        [0, 25, 5, 0]
    Drone 1: 
        [0, 21, 0]
        [0, 50, 0]
    Drone 2: 
        [0, 40, 0]
Solution 7:
    Served: 16
    Makespan: 8208.8033721818
    Truck 1: 
        [0, 9, 26, 0]
        [0, 15, 0]
        [0, 39, 42, 0]
    Truck 2: 
        [0, 10, 4, 0]
        [0, 8, 19, 0]
    Truck 3: 
        [0, 11, 32, 0]
        [0, 25, 5, 0]
    Drone 1: 
        [0, 21, 40, 0]
        [0, 50, 0]
Solution 8:
    Served: 16
    Makespan: 8208.8033721818
    Truck 1: 
        [0, 9, 26, 0]
        [0, 15, 0]
        [0, 39, 42, 0]
    Truck 2: 
        [0, 10, 4, 0]
        [0, 8, 19, 0]
    Truck 3: 
        [0, 11, 32, 0]
        [0, 25, 5, 0]
    Drone 1: 
        [0, 21, 0]
        [0, 50, 0]
    Drone 2: 
        [0, 40, 0]
Solution 9:
    Served: 16
    Makespan: 8208.8033721818
    Truck 1: 
        [0, 9, 26, 0]
        [0, 25, 5, 0]
    Truck 2: 
        [0, 10, 4, 0]
        [0, 8, 19, 0]
    Truck 3: 
        [0, 11, 32, 0]
        [0, 15, 0]
        [0, 39, 42, 0]
    Drone 1: 
        [0, 21, 0]
        [0, 50, 0]
    Drone 2: 
        [0, 40, 0]
Solution 10:
    Served: 16
    Makespan: 8208.8033721818
    Truck 1: 
        [0, 9, 26, 0]
        [0, 15, 0]
        [0, 39, 42, 0]
    Truck 2: 
        [0, 10, 4, 0]
        [0, 25, 5, 0]
    Truck 3: 
        [0, 11, 14, 0]
        [0, 8, 19, 0]
    Drone 1: 
        [0, 21, 0]
        [0, 50, 0]
    Drone 2: 
        [0, 40, 0]
Solution 11:
    Served: 16
    Makespan: 8208.8033721818
    Truck 1: 
        [0, 9, 0]
        [0, 25, 5, 0]
    Truck 2: 
        [0, 10, 4, 0]
        [0, 8, 19, 0]
    Truck 3: 
        [0, 11, 32, 0]
        [0, 15, 0]
        [0, 39, 42, 0]
    Drone 1: 
        [0, 21, 0]
        [0, 50, 0]
    Drone 2: 
        [0, 40, 0]
    Drone 3: 
        [0, 26, 0]
Solution 12:
    Served: 16
    Makespan: 8208.8033721818
    Truck 1: 
        [0, 9, 0]
        [0, 15, 0]
        [0, 39, 42, 0]
    Truck 2: 
        [0, 10, 4, 0]
        [0, 8, 19, 0]
    Truck 3: 
        [0, 11, 14, 0]
        [0, 25, 5, 0]
    Drone 1: 
        [0, 21, 40, 0]
        [0, 50, 0]
    Drone 2: 
        [0, 26, 0]
Solution 13:
    Served: 16
    Makespan: 8208.8033721818
    Truck 1: 
        [0, 9, 0]
        [0, 15, 0]
        [0, 39, 42, 0]
    Truck 2: 
        [0, 10, 4, 0]
        [0, 8, 19, 0]
    Truck 3: 
        [0, 11, 32, 0]
        [0, 25, 5, 0]
    Drone 1: 
        [0, 21, 0]
        [0, 50, 0]
    Drone 2: 
        [0, 40, 0]
    Drone 3: 
        [0, 26, 0]
Solution 14:
    Served: 16
    Makespan: 8208.8033721818
    Truck 1: 
        [0, 9, 0]
        [0, 15, 0]
        [0, 39, 42, 0]
    Truck 2: 
        [0, 10, 4, 0]
        [0, 25, 5, 0]
    Truck 3: 
        [0, 11, 32, 0]
        [0, 8, 19, 0]
    Drone 1: 
        [0, 21, 40, 0]
        [0, 50, 0]
    Drone 2: 
        [0, 26, 0]
