Pareto Count: 4
Solution 1:
    Served: 19
    Makespan: 9010.176950534851
    Truck 1: 
        [0, 19, 22, 0]
        [0, 24, 12, 0]
        [0, 26, 0]
    Truck 2: 
        [0, 29, 43, 0]
        [0, 20, 1, 0]
        [0, 41, 0]
    Truck 3: 
        [0, 48, 35, 0]
        [0, 46, 42, 0]
    Drone 1: 
        [0, 23, 0]
        [0, 31, 0]
        [0, 11, 0]
    Drone 2: 
        [0, 14, 0]
        [0, 7, 0]
Solution 2:
    Served: 19
    Makespan: 9010.176950534851
    Truck 1: 
        [0, 19, 22, 0]
        [0, 24, 12, 0]
    Truck 2: 
        [0, 29, 43, 0]
        [0, 20, 1, 0]
        [0, 41, 0]
    Truck 3: 
        [0, 48, 35, 0]
        [0, 46, 42, 0]
    Drone 1: 
        [0, 23, 0]
        [0, 31, 0]
        [0, 11, 0]
        [0, 26, 0]
    Drone 2: 
        [0, 14, 0]
        [0, 7, 0]
Solution 3:
    Served: 19
    Makespan: 9010.176950534851
    Truck 1: 
        [0, 19, 22, 0]
        [0, 24, 12, 0]
    Truck 2: 
        [0, 29, 43, 0]
        [0, 20, 1, 0]
        [0, 41, 0]
    Truck 3: 
        [0, 48, 35, 0]
        [0, 46, 42, 0]
    Drone 1: 
        [0, 23, 0]
        [0, 31, 7, 0]
        [0, 11, 0]
        [0, 26, 0]
    Drone 2: 
        [0, 14, 0]
Solution 4:
    Served: 19
    Makespan: 9010.176950534851
    Truck 1: 
        [0, 19, 22, 0]
        [0, 24, 12, 0]
        [0, 26, 0]
    Truck 2: 
        [0, 29, 43, 0]
        [0, 20, 1, 0]
        [0, 41, 0]
    Truck 3: 
        [0, 48, 35, 0]
        [0, 46, 42, 0]
    Drone 1: 
        [0, 23, 0]
        [0, 31, 7, 0]
        [0, 11, 0]
    Drone 2: 
        [0, 14, 0]
