Pareto Count: 2
Solution 1:
    Served: 20
    Makespan: 13166.916647923885
    Truck 1: 
        [0, 22, 41, 0]
        [0, 44, 0]
        [0, 5, 0]
        [0, 25, 34, 0]
    Truck 2: 
        [0, 21, 29, 0]
        [0, 50, 20, 24, 0]
        [0, 49, 6, 0]
    Truck 3: 
        [0, 33, 27, 0]
        [0, 12, 3, 0]
    Drone 1: 
        [0, 45, 0]
    Drone 2: 
        [0, 47, 0]
    Drone 3: 
        [0, 32, 0]
Solution 2:
    Served: 20
    Makespan: 13166.916647923885
    Truck 1: 
        [0, 22, 41, 0]
        [0, 44, 0]
        [0, 5, 0]
        [0, 25, 34, 0]
    Truck 2: 
        [0, 21, 29, 0]
        [0, 50, 20, 0]
        [0, 49, 6, 0]
    Truck 3: 
        [0, 33, 27, 0]
        [0, 24, 31, 0]
        [0, 15, 0]
    Drone 1: 
        [0, 45, 0]
    Drone 2: 
        [0, 47, 0]
    Drone 3: 
        [0, 32, 0]
