Pareto Count: 13
Solution 1:
    Served: 29
    Makespan: 14590.252396865386
    Truck 1: 
        [0, 32, 23, 0]
        [0, 49, 9, 0]
        [0, 24, 4, 0]
    Truck 2: 
        [0, 37, 29, 0]
        [0, 39, 5, 0]
        [0, 30, 40, 0]
    Truck 3: 
        [0, 18, 0]
        [0, 15, 10, 43, 16, 48, 0]
        [0, 25, 6, 3, 2, 34, 26, 13, 1, 19, 0]
    Drone 1: 
        [0, 47, 0]
        [0, 33, 0]
Solution 2:
    Served: 29
    Makespan: 14590.252396865386
    Truck 1: 
        [0, 32, 23, 0]
        [0, 39, 5, 0]
        [0, 30, 40, 0]
    Truck 2: 
        [0, 37, 29, 0]
        [0, 49, 9, 0]
        [0, 24, 4, 0]
    Truck 3: 
        [0, 18, 0]
        [0, 15, 10, 43, 16, 48, 0]
        [0, 25, 6, 3, 2, 34, 26, 13, 1, 19, 0]
    Drone 1: 
        [0, 47, 0]
        [0, 33, 0]
Solution 3:
    Served: 29
    Makespan: 14590.252396865386
    Truck 1: 
        [0, 32, 23, 0]
        [0, 39, 5, 0]
        [0, 30, 40, 0]
    Truck 2: 
        [0, 37, 29, 0]
        [0, 49, 33, 0]
        [0, 46, 0]
        [0, 24, 4, 0]
    Truck 3: 
        [0, 18, 0]
        [0, 15, 10, 43, 16, 48, 0]
        [0, 25, 6, 3, 2, 34, 26, 13, 1, 19, 0]
    Drone 1: 
        [0, 47, 0]
Solution 4:
    Served: 29
    Makespan: 14590.252396865386
    Truck 1: 
        [0, 32, 31, 0]
        [0, 39, 5, 0]
        [0, 30, 40, 0]
    Truck 2: 
        [0, 37, 29, 0]
        [0, 49, 9, 0]
        [0, 24, 4, 0]
    Truck 3: 
        [0, 18, 0]
        [0, 15, 10, 43, 16, 48, 0]
        [0, 25, 6, 3, 2, 34, 26, 13, 1, 19, 0]
    Drone 1: 
        [0, 47, 0]
        [0, 33, 0]
Solution 5:
    Served: 29
    Makespan: 14590.252396865386
    Truck 1: 
        [0, 32, 23, 0]
        [0, 49, 33, 0]
        [0, 46, 0]
        [0, 24, 4, 0]
    Truck 2: 
        [0, 37, 29, 0]
        [0, 39, 5, 0]
        [0, 30, 40, 0]
    Truck 3: 
        [0, 18, 0]
        [0, 15, 10, 43, 16, 48, 0]
        [0, 25, 6, 3, 2, 34, 26, 13, 1, 19, 0]
    Drone 1: 
        [0, 47, 0]
Solution 6:
    Served: 29
    Makespan: 14590.252396865386
    Truck 1: 
        [0, 32, 31, 0]
        [0, 39, 5, 0]
        [0, 30, 40, 0]
    Truck 2: 
        [0, 37, 29, 0]
        [0, 49, 33, 0]
        [0, 46, 0]
        [0, 24, 4, 0]
    Truck 3: 
        [0, 18, 0]
        [0, 15, 10, 43, 16, 48, 0]
        [0, 25, 6, 3, 2, 34, 26, 13, 1, 19, 0]
    Drone 1: 
        [0, 47, 0]
Solution 7:
    Served: 29
    Makespan: 14590.252396865386
    Truck 1: 
        [0, 32, 31, 0]
        [0, 49, 9, 0]
        [0, 24, 4, 0]
    Truck 2: 
        [0, 37, 29, 0]
        [0, 39, 5, 0]
        [0, 30, 40, 0]
    Truck 3: 
        [0, 18, 0]
        [0, 15, 10, 43, 16, 48, 0]
        [0, 25, 6, 3, 2, 34, 26, 13, 1, 19, 0]
    Drone 1: 
        [0, 47, 0]
        [0, 33, 0]
Solution 8:
    Served: 25
    Makespan: 14517.987964953487
    Truck 1: 
        [0, 32, 23, 0]
        [0, 39, 5, 0]
        [0, 30, 40, 0]
    Truck 2: 
        [0, 37, 29, 0]
        [0, 49, 33, 0]
        [0, 25, 6, 0]
    Truck 3: 
        [0, 18, 0]
        [0, 15, 10, 43, 16, 48, 0]
        [0, 46, 0]
        [0, 24, 4, 21, 50, 45, 0]
    Drone 1: 
        [0, 47, 0]
Solution 9:
    Served: 25
    Makespan: 14517.987964953487
    Truck 1: 
        [0, 32, 31, 0]
        [0, 39, 5, 0]
        [0, 30, 40, 0]
    Truck 2: 
        [0, 37, 29, 0]
        [0, 49, 33, 0]
        [0, 25, 6, 0]
    Truck 3: 
        [0, 18, 0]
        [0, 15, 10, 43, 16, 48, 0]
        [0, 46, 0]
        [0, 24, 4, 21, 50, 45, 0]
    Drone 1: 
        [0, 47, 0]
Solution 10:
    Served: 25
    Makespan: 14517.987964953487
    Truck 1: 
        [0, 32, 23, 0]
        [0, 39, 5, 0]
        [0, 30, 40, 0]
    Truck 2: 
        [0, 37, 29, 0]
        [0, 49, 9, 0]
        [0, 19, 0]
    Truck 3: 
        [0, 18, 0]
        [0, 15, 10, 43, 16, 48, 0]
        [0, 46, 0]
        [0, 24, 4, 21, 50, 45, 0]
    Drone 1: 
        [0, 47, 0]
        [0, 33, 0]
Solution 11:
    Served: 25
    Makespan: 14517.987964953487
    Truck 1: 
        [0, 32, 23, 0]
        [0, 49, 9, 0]
        [0, 30, 40, 0]
    Truck 2: 
        [0, 37, 29, 0]
        [0, 39, 5, 0]
        [0, 19, 0]
    Truck 3: 
        [0, 18, 0]
        [0, 15, 10, 43, 16, 48, 0]
        [0, 46, 0]
        [0, 24, 4, 21, 50, 45, 0]
    Drone 1: 
        [0, 47, 0]
        [0, 33, 0]
Solution 12:
    Served: 22
    Makespan: 14480.61772011928
    Truck 1: 
        [0, 32, 23, 0]
        [0, 49, 9, 0]
        [0, 24, 4, 0]
    Truck 2: 
        [0, 37, 29, 0]
        [0, 39, 5, 0]
        [0, 30, 40, 0]
    Truck 3: 
        [0, 18, 0]
        [0, 15, 10, 43, 16, 48, 0]
        [0, 46, 0]
        [0, 19, 0]
    Drone 1: 
        [0, 47, 0]
        [0, 33, 0]
Solution 13:
    Served: 22
    Makespan: 14480.61772011928
    Truck 1: 
        [0, 32, 31, 0]
        [0, 49, 9, 0]
        [0, 24, 4, 0]
    Truck 2: 
        [0, 37, 29, 0]
        [0, 39, 5, 0]
        [0, 30, 40, 0]
    Truck 3: 
        [0, 18, 0]
        [0, 15, 10, 43, 16, 48, 0]
        [0, 46, 0]
        [0, 19, 0]
    Drone 1: 
        [0, 47, 0]
        [0, 33, 0]
