instance,total_request,my_served,my_dropped,my_makespan,served_benchmark,dropped_benchmark,makespan_benchmark
10.10.1,10,8,2,1680.127,0,10,1735.950
10.10.2,10,8,2,1693.124,1,9,1480.493
10.10.3,10,7,3,1818.167,0,10,1818.150
10.10.4,10,10,0,1359.683,0,10,1418.970
10.20.1,10,9,1,5558.067,1,9,3596.885
10.20.2,10,7,3,6793.407,0,10,6876.841
10.20.3,10,10,0,6468.994,1,9,6282.694
10.20.4,10,9,1,6289.043,0,10,6459.934
10.5.1,10,10,0,1353.680,2,8,906.618
10.5.2,10,10,0,793.126,0,10,793.126
10.5.3,10,8,2,750.952,0,10,775.691
10.5.4,10,10,0,1017.534,2,8,603.830
100.10.1,100,70,30,1849.003,24,76,1517.378
100.10.2,100,79,21,2045.845,12,88,1050.294
100.10.3,100,73,27,1939.734,15,85,1357.912
100.10.4,100,74,26,1909.215,16,84,1623.822
100.20.1,100,89,11,4386.774,21,79,4246.817
100.20.2,100,88,12,4111.756,30,70,4136.494
100.20.3,100,72,28,5316.881,25,75,5200.214
100.20.4,100,72,28,4420.154,32,68,4488.282
100.30.1,100,75,25,8980.407,39,61,8810.690
100.30.2,100,89,11,8885.425,21,79,8230.051
100.40.3,100,76,24,15298.644,34,66,13651.306
100.40.4,100,78,22,14733.019,1,99,2888.554
12.10.1,12,8,4,1590.239,6,6,978.423
12.10.2,12,11,1,1669.356,5,7,1363.713
12.10.3,12,9,3,1783.645,7,5,648.231
12.10.4,12,9,3,1640.471,7,5,1077.555
12.20.1,12,11,1,8232.434,8,4,1411.112
12.20.2,12,9,3,8435.091,10,2,2657.638
12.20.3,12,10,2,5927.285,8,4,949.215
12.20.4,12,12,0,7418.069,8,4,1997.855
12.5.1,12,10,2,808.168,6,6,479.842
12.5.2,12,11,1,667.854,4,8,408.433
12.5.3,12,12,0,1255.370,5,7,563.062
12.5.4,12,11,1,1073.673,4,8,667.999
20.10.1,20,18,2,1545.307,3,17,1606.324
20.10.2,20,17,3,1429.633,2,18,1461.290
20.10.3,20,17,3,1539.399,1,19,1065.182
20.10.4,20,19,1,1317.404,3,17,1116.663
20.20.1,20,19,1,4376.062,1,19,4375.996
20.20.2,20,19,1,3934.293,4,16,3687.934
20.20.3,20,17,3,5506.038,2,18,5463.417
20.20.4,20,15,5,4370.419,3,17,4320.120
20.5.1,20,19,1,680.137,4,16,777.488
20.5.2,20,20,0,859.033,2,18,786.249
20.5.3,20,20,0,588.889,1,19,526.200
20.5.4,20,20,0,685.412,3,17,749.570
50.10.1,50,43,7,2111.349,16,34,1931.924
50.10.2,50,36,14,1634.315,5,45,1335.737
50.10.3,50,35,15,1771.075,2,48,1005.074
50.10.4,50,38,12,1644.668,9,41,1090.725
50.20.1,50,40,10,4214.265,14,36,4264.896
50.20.2,50,45,5,4136.083,11,39,4340.705
50.20.3,50,40,10,4423.784,10,40,4691.871
50.20.4,50,44,6,5559.539,5,45,5568.396
50.30.1,50,47,3,8873.872,16,34,8287.635
50.30.2,50,48,2,8033.833,9,41,7532.320
50.30.3,50,48,2,8728.103,16,34,7972.888
50.30.4,50,46,4,8631.661,5,45,7976.270
50.40.1,50,42,8,14297.635,20,30,12952.239
50.40.2,50,38,12,14296.635,16,34,12159.830
50.40.3,50,40,10,13000.061,21,29,12273.258
50.40.4,50,46,4,13061.602,16,34,11620.123
6.10.1,6,5,1,1058.958,0,6,1078.748
6.10.2,6,6,0,1292.241,1,5,1246.022
6.10.3,6,5,1,1394.170,0,6,1295.786
6.10.4,6,6,0,1071.996,0,6,1273.344
6.20.1,6,6,0,4486.755,1,5,3931.916
6.20.2,6,4,2,3919.788,0,6,4099.788
6.20.3,6,5,1,6233.286,0,6,5802.035
6.20.4,6,5,1,5994.786,0,6,5985.211
6.5.1,6,6,0,699.683,0,6,718.093
6.5.2,6,6,0,582.003,0,6,550.722
6.5.3,6,6,0,766.793,0,6,873.127
6.5.4,6,6,0,579.974,1,5,653.412
